interval	rhyme_lab	character_lab	syllable_lab	rhyme_dur	character_dur	f0mean	f0min	f0max	f0min_point	f0max_point	intmean	intmin	intmax	f0_1	f0_2	f0_3	f0_4	f0_5	f0_6	f0_7	f0_8	f0_9	f0_10
1	yaw	小	xyaw	0.15999999999999998	0.29	298.66693355965316	280.43456077676177	319.64400122754466	0.31956581608238377	0.951750578961369	82.65878668618775	68.41364550290328	87.16804921096939	299.5289552732574	294.8105669943776	286.4716663904705	282.1200749649002	286.83924460391626	295.4941746969713	304.2715043157423	311.55752876391915	317.82469436333054	318.04904463291365
2	iN	英	yiN	0.08000000000000002	0.12	315.6600731960904	311.2695318865305	320.1890363632597	0.07798175526874325	0.7928823273935228	85.55542645521862	84.49134318839945	86.0710322565622	311.9557127321325	311.54520128768047	312.5293159066175	313.5345940232631	315.2247589487323	316.91492387420146	318.26228707650637	319.5129482391614	318.87802014340787	316.57079447431227
3	ow	手	sow	0.07000000000000006	0.20999999999999996	318.2333152698115	303.5615806720291	323.2090550906875	1	0	83.01930932918535	79.88211980684595	85.24748895438594	323.2090550906875	321.3631017503471	321.26578967705785	321.1684776037687	321.1365372371886	321.1471553463361	320.95195750391616	314.95450145241216	308.9570454009081	303.5615806720291
4	oN	工	goN	0.09999999999999998	0.13	301.36509143676614	280.8487945956885	308.86023583076076	1	0.33430207069319545	83.17204814914842	77.84064615280303	85.09990365620675	299.4441014612254	303.6370169817335	307.10388691632886	308.03023003044177	307.4256097212549	305.455775834901	303.0945566800417	296.67349499314287	289.70664284630845	280.8487945956885
5	aw	好	haw	0.07000000000000006	0.15000000000000002	297.25370142669607	289.02666047503527	306.6805886988454	0.7719636312659572	0.05680259515376138	79.11563002797747	73.09984188502375	82.84758185585322	305.52375202548524	306.2294970592777	304.0557484533232	301.88199984736855	298.4145620014159	294.10490288128847	289.96265566963535	290.5399994947579	291.11734331988043	291.42747626384204
6	a	差	ca	0.14000000000000012	0.28	197.2740930821809	175.13231099087977	233.39954487976416	0.17693977004751743	1	78.18505115478133	74.59217676610182	80.55698503238473	194.77938505144817	178.0856425852965	178.57874275726078	182.01843890565408	187.65669583324473	195.22529095980636	202.203397782431	213.81001430217967	224.7407478321834	233.39954487976416
7	a	嘛	ma	0.10000000000000009	0.17999999999999994	200.78052147852833	189.18676623352806	211.09056949056898	0.18059412442881878	0.601972483896262	76.95496628071088	73.82883870576907	79.54969398072991	200.97769848959146	193.04646542281412	192.24403942230722	197.91792987051582	204.03346270543352	210.31737364550247	208.18467755211032	205.01320509454249	199.39483002509124	198.60214707688436
8	yEn	连	lyEn	0.14000000000000012	0.20000000000000018	234.89163264387128	231.74223452437678	238.1578275834038	0.5132449962769811	0.8913249225877099	78.23083963132474	73.28367701590493	80.6616533962334	235.1891125172973	234.35061879282404	235.40402665370806	234.3096357972003	232.59026353806237	232.0360387342967	234.22497559304864	236.6520677594572	237.73939202589028	237.57160753554192
9	yaw	小	xyaw	0.16000000000000036	0.26000000000000023	295.54583234069725	263.8484761810955	308.4095474012897	1	0.6736795025967106	83.88967084678009	74.53186391944195	86.36575796736335	--undefined--	291.99572236503155	291.6018965785546	294.0369974518036	299.53840507734844	304.404853018783	306.71553451420544	302.15521985735387	287.11201356948374	263.8484761810955
10	iN	英	yiN	0.16000000000000014	0.18999999999999995	250.08777420237132	224.87658653144368	280.7178586096175	0.15690537100082322	0.8843957438548703	83.83292429159397	79.62002046476191	87.04765161589188	232.07013251921168	225.94907836408277	226.34981026788435	232.29008183763716	242.65559720966024	252.24871726187925	264.37528894420876	275.7666257507629	279.63778761346214	273.76012020569095
11	ow	都	dow	0.08000000000000007	0.1299999999999999	293.02833101026624	274.5747071956345	300.9380207783638	1	0	84.12369516260776	82.9119940961423	85.98975042805039	300.9380207783638	299.74896036632487	298.6214219384247	297.82934288905915	297.03726383969354	294.8686557471439	292.5555072547109	287.4665321347785	280.91531533473216	274.5747071956345
12	yE	捏	nyE	0.09999999999999964	0.1499999999999999	225.6917586937809	218.96048562450105	241.11650477106568	0.46161671296703843	0	81.32564916780186	78.53764070462584	84.67394983547669	241.11650477106568	233.07947221010068	224.8661700295086	220.80130579861623	219.23635879497508	220.31340681186668	221.987451344688	224.9886899669122	228.8571337044913	235.7301764863865
13	&	了	l&	0.08999999999999986	0.1200000000000001	243.69003534005952	206.73682446226715	265.59114048799455	1	0.1932908836801272	79.24825622348018	73.63628992809558	83.12234233701389	258.90379111744465	262.9702033333715	264.3741519702945	261.0443661494303	256.0398793002358	248.0578531424041	237.06794242970545	220.73015508323616	209.33743859366618	206.73682446226715
14	&	个	g&	0.029999999999999805	0.06000000000000005	211.10092428793837	207.9719528158356	213.60720297368889	0	1	79.84981547224491	78.33934279413181	80.63575898208089	207.9719528158356	208.72465354679724	209.47735427775874	210.23005500872026	210.98275573968175	211.71314065081106	212.1866562315305	212.66017181224993	213.13368739296936	213.60720297368889
15	%	狮	s%	0.07000000000000028	0.2400000000000002	207.17411057159728	203.18333538913672	210.84030616910587	0	1	76.73220205031747	72.7952075566727	77.9255659103994	203.18333538913672	203.2350633513082	203.28679131347974	205.21657002514635	207.37515459263858	208.96915947633155	209.36327177463787	209.75738407294418	210.27765490898994	210.84030616910587
16	I	子	zI	0.07000000000000028	0.1299999999999999	209.2605219001842	201.62887923610887	216.1393241255765	1	0	80.24438758075905	77.31867396358949	81.29128523078262	216.1393241255765	215.71656175623917	214.38026755083348	213.0439733454279	210.81786152065436	208.01245808086497	205.26261780677632	204.0791859274344	202.89575404809233	201.62887923610887
17	i	你	ni	0.06999999999999984	0.1499999999999999	239.24447294268654	219.8288835649488	249.12104467487163	0	0.8547382981259379	79.18289855025434	78.37166430776713	81.34789427444653	219.8288835649488	224.93024000926275	230.0315964535767	235.2743900887385	240.53441523774808	244.721384027412	246.62780251350142	248.53422099959113	248.31572461491155	247.38340580529024
18	a	咋	za	0.08999999999999986	0.16999999999999993	193.37529372313193	175.86805138527288	225.4467022694804	0.7308394377639686	0	75.74977661999746	68.43695877995488	80.38298915060346	225.4467022694804	214.37992239407697	202.88907191342966	194.3383717680069	191.01512001387235	186.54712694646042	180.0438379063084	178.5345883827244	185.90450518072225	190.27928603061707
19	&	个	g&	0.029999999999999805	0.06000000000000005	202.99275261744754	195.6580256570514	208.95302652798895	0	0.9735776981247157	72.93859348720943	69.28195512501277	74.74502805599866	195.6580256570514	197.3584131586758	199.05448262980235	200.7008488137123	202.34721499762225	203.99358118153248	205.63994736544242	207.28631354935237	208.72717301589958	207.8025189911009
20	a	啥	sa	0.1599999999999997	0.2799999999999998	203.54555176395206	202.40232940699363	205.58841123869308	0.8525014172335603	1	68.07792710749811	60.40489010481407	77.66150437577068	--undefined--	--undefined--	--undefined--	--undefined--	--undefined--	--undefined--	--undefined--	--undefined--	203.2084720059756	205.58841123869308
21	I	子	zI	0.03000000000000025	0.0900000000000003	223.6945080437639	220.89844546666225	230.98958978876897	0	1	70.56377843200056	70.02072583272923	71.97354251083975	220.89844546666225	221.10526157786202	221.31207768906182	221.51889380026157	221.72570991146134	222.0937601069051	224.31771752737126	226.54167494783704	228.76563236830322	230.98958978876897
22	ow	都	dow	0.06000000000000005	0.10999999999999988	257.6812289806954	248.86629187661273	268.05803858474377	1	0.23475318730429645	74.87941855604353	73.23371209958437	76.45623514110343	260.2629406314562	263.36566724744586	266.46839386343527	265.21100445837607	260.23893352987267	255.26686260136972	252.34352194984268	251.1656349673614	249.98774798488023	248.86629187661273
23	w>	做	zw>	0.08000000000000007	0.1499999999999999	166.2545821464529	147.4195309022254	204.17365742609735	0.6631156008160882	0	73.62829489464775	69.91671013606422	77.46041870018949	204.17365742609735	194.88303034941137	177.3183141326253	160.1194285167841	154.7594438378338	149.39945915888381	149.0615730621367	150.1403868925033	165.13236196584884	192.46368702243336
24	u	不	bu	0.03000000000000025	0.0600000000000005	211.2696014487409	199.7776407875419	236.77595450977088	0.5466742252456387	0	62.54603923167244	62.18348239213112	63.505511015626695	236.77595450977088	229.25607602077338	221.73619753177456	214.21631904277706	206.69644055377825	199.7776407875419	199.7776407875419	199.7776407875419	--undefined--	--undefined--
25	u	出	cu	0.03000000000000025	0.14999999999999947	161.63613424415686	103.20483972348764	207.51137317405085	1	0.2133408919123152	73.56736415408204	72.28390065932109	74.24997856564521	207.51137317405085	207.51137317405085	206.1695449254396	189.3824170491938	172.59528917294517	155.80816129669938	139.02103342045075	122.23390554420496	106.52335078101893	103.20483972348764
26	@y	来	l@y	0.05999999999999961	0.08999999999999986	--undefined--	--undefined--	--undefined--	--undefined--	--undefined--	69.30927654090425	68.03589121403382	71.20688484339357	--undefined--	--undefined--	--undefined--	--undefined--	--undefined--	--undefined--	--undefined--	--undefined--	--undefined--	--undefined--
27	ey	喃	ley	0.05999999999999961	0.08999999999999986	189.9434867448147	186.07748630028183	192.4030200432927	0.914198248693164	0.6066704459561666	68.78199692506823	68.21937260126688	69.66386743847531	--undefined--	--undefined--	--undefined--	--undefined--	192.4030200432927	192.4030200432927	191.27251245240632	189.17884800062347	187.0851835488403	187.66674857582973
