interval	rhyme_lab	character_lab	syllable_lab	rhyme_dur	character_dur	f0mean	f0min	f0max	f0min_point	f0max_point	intmean	intmin	intmax	f0_1	f0_2	f0_3	f0_4	f0_5	f0_6	f0_7	f0_8	f0_9	f0_10
1	yaw	小	xyaw	0.18000000000000005	0.31	326.8042098003771	284.04024855568656	354.75180571840843	0.11082766439909474	0.7582725612942485	79.82158595339884	67.63906360228809	84.78071536462258	--undefined--	284.0877513244495	302.6847962223342	311.90019331824845	328.2111501084086	340.87398474482626	349.190746733338	354.47988321579464	343.49227857176123	326.00265910805217
2	iN	银	yiN	0.09000000000000008	0.12	257.28607169426346	204.57544390402154	297.9559176990599	1	0	85.45983340628484	80.66730235543565	87.72588624912368	297.9559176990599	287.82116290718756	280.68587125465854	273.52876188399784	262.11719747761396	250.73405188744718	244.89257545965026	239.00257905612608	223.65118738572696	208.37835939172973
3	wey	对	dwey	0.1200000000000001	0.16000000000000003	215.24264070643727	192.60064498951738	222.9258126403403	1	0	82.47926413636513	77.7442235428098	84.81035138474836	222.9258126403403	221.8604394881422	220.66366789196664	219.34357776510163	219.60735239884002	218.76647639939398	216.81871896404093	209.92194519703406	201.83826193560424	192.60064498951738
4	i	集	ji	0.26	0.3799999999999999	228.1564546466781	201.75801183551795	252.53259965548207	0.5046120875679546	0.8257851591706316	77.91528896614928	73.29312179140405	80.89054371891119	218.458814521912	226.23272609610754	227.2105445041048	215.48706066890702	205.93160051380397	209.66588810491157	238.23362015043736	251.5438688797476	250.67792779076012	231.3857588889873
5	i	体	ti	0.030000000000000027	0.07000000000000006	286.64142803613606	254.36962199367534	302.7567232629589	0	0.6649659863945679	63.34846007716906	62.147940085039465	64.41414916221918	254.36962199367534	262.45476423474923	270.5399064758225	278.6250487168964	286.7101909579703	294.7953331990435	302.7567232629589	302.7567232629589	302.7567232629589	--undefined--
6	i	集	ji	0.11999999999999988	0.21999999999999997	228.15187454193426	209.8250208526687	238.58425974759652	1	0.5320897580527807	77.39378177360085	76.30456488529214	78.47262852585266	226.6197495798312	225.21479041833868	227.1273596709631	231.86087535163293	236.42247314233003	237.7705669652335	233.90962323630097	226.9232065444162	215.74953368968488	209.8250208526687
7	i	体	ti	0.050000000000000044	0.1100000000000001	244.87938670965795	236.88238848418283	250.0081591661671	0	0.3676610843662461	79.68168757113035	76.47401375050963	81.88571015701095	236.88238848418283	243.02134987160778	247.767053913244	247.2455655500662	246.72407718688842	246.2025888237106	245.34669321850672	244.2762616439628	243.2058300694189	242.1169716607272
8	w>	活	hw>	0.10000000000000009	0.20000000000000018	219.8885720281584	208.76552322093306	236.12745426375622	1	0	80.4844221756683	75.49131756897161	83.10303158771556	236.12745426375622	231.7501185214971	227.1665972747142	221.7814720340342	218.12143573171437	217.00008642947827	215.5820330845697	213.96993279192176	211.47032656882286	208.76552322093306
9	oN	动	doN	0.13999999999999968	0.16999999999999993	202.31991197892725	200.51669162757653	206.1415177649996	0.6814379310138396	0	80.88428828227282	77.1209094252079	81.7531894611606	206.1415177649996	203.7853692532586	202.34765661935538	203.00250345748998	202.96072276416112	201.9769517861197	200.73439419493653	201.2434232356141	201.14323484544994	201.7314104815217
10	oN	从	coN	0.16999999999999993	0.27	224.64426241474388	222.19063180293588	228.59258119557134	0.3172371679748514	0.7557323740663976	81.91390672980064	80.011610577774	83.63969653121413	224.52722720943524	223.1625897932129	222.55421582268113	222.28935335084188	222.9469601789387	224.84121071180832	227.26510309436708	228.3398960880372	226.31277240068337	224.11284837967088
11	@y	来	l@y	0.08999999999999986	0.1200000000000001	219.19306128812738	207.93785939973267	223.37915023128693	0.96697364556771	0.08147411033891211	81.45702995779278	80.54439037229912	81.99688351544454	223.1045563970738	223.3646273198712	222.91402402100942	222.46348850704157	222.02617104738877	221.5742126055462	218.26726263669704	214.95975281744904	211.54307217035583	208.17564398747288
12	ow	都	dow	0.06000000000000005	0.08999999999999986	225.4207700915356	208.97381847937044	236.1515336733693	1	0.3830732566422705	79.70572542430207	77.70215972971219	82.35989636725826	225.73073977639552	229.12231020094637	231.44016167772492	232.7166676423428	233.99317360696068	230.99993728994895	223.86569463949695	216.73145198904493	211.78952660839806	208.97381847937044
13	u	不	bu	0.050000000000000266	0.0900000000000003	217.04175595445554	209.3997941814346	221.5206339769704	1	0.25864291008924706	80.68358203196237	80.47350817690261	80.99598738446355	217.75095890655172	219.7858639718524	221.1650446636287	220.06526735793398	218.9654900522394	217.86571274654472	216.07958747260997	213.85314181034045	211.6266961480709	209.3997941814346
14	E	热	zE	0.0900000000000003	0.1499999999999999	200.5629108694546	198.44077038023562	207.55542460510395	0.5854326331917272	0	81.44588344961907	79.10336488416401	83.87716471760888	207.55542460510395	204.57172613977266	201.59583458181032	200.14228996079345	198.69572144991324	198.6094944156798	198.52647862735017	199.06965579025945	199.6168267671629	200.94279147293003
15	iN	心	xiN	0.22999999999999998	0.3599999999999999	223.9954452178723	188.19619275367586	262.73203225174314	0.22152735232574744	0.8827973426441778	77.15269665537454	67.04095742823709	82.59567936112362	212.8427718187046	197.13815937153296	189.49980704363117	197.65743060676266	207.72460715104302	227.7551321636982	248.12657897598362	253.1864603701558	261.4662844786029	255.36345327281327
16	yEn	连	lyEn	0.14000000000000012	0.20000000000000018	222.3078419096551	211.5117938827764	227.1251539543202	0.9996355685131201	0	78.98436114282933	75.02961803267726	80.76905940058079	227.1251539543202	225.44328129205127	225.34740322813872	224.9833826267037	223.42104826098912	221.71688803448694	220.5444083321302	220.504245047329	218.887523546729	211.5117938827764
17	yaw	小	xyaw	0.16999999999999948	0.3099999999999996	293.9655270012193	283.78981109025307	304.67629248018426	0.20189891264371515	0.7762803028186658	82.47664200881863	77.07899327441446	85.84176228561445	290.11032011232885	285.0894754256668	284.0393298607138	286.5197712873854	293.7512240522098	299.11394735956657	302.2362500177473	303.65936598080697	299.6920094423015	289.78537796214044
18	iN	银	yiN	0.15000000000000036	0.1900000000000004	224.16674113049623	205.91040553909315	261.4884455067234	1	0	83.01159475852404	80.45567639740798	84.20790613163568	261.4884455067234	249.4313649493513	239.67122845838517	226.505909136519	219.00975289169213	217.4929034611871	213.64777850535143	209.75622390835318	208.9327983828579	205.91040553909315
19	ow	都	dow	0.08999999999999986	0.1299999999999999	221.0064024051468	213.47169249528426	229.0133848514156	0	1	81.08867033300848	79.31733325386763	82.59555107192465	213.47169249528426	215.2989903541754	217.12452800975933	218.6068260204345	220.08812608906064	221.37482745814785	222.6674190919309	225.10861234140006	227.54484308331098	229.0133848514156
20	a	拿	na	0.09999999999999964	0.1299999999999999	204.67491451099323	181.0518577582189	230.63293887919852	0.8674362329455874	0	79.3931687925589	76.02607664303059	81.20159899895413	230.63293887919852	227.83964242964439	223.9134863006989	215.5830203458896	207.63429568891763	200.24735173128448	192.2116088124706	183.75154589794843	183.3975168830118	185.02685766851877
21	&	了	l&	0.03000000000000025	0.0600000000000005	190.18448344310954	183.31612511842286	193.50042133357675	1	0	73.3204111201637	70.13499542112301	76.27785559554441	193.50042133357675	193.44455358110213	193.38868582862747	193.30948402398582	191.72912486326567	190.1487657025458	188.56840654182568	186.98804738110582	185.40768822038567	183.85753911034644
22	&	个	g&	0.05000000000000071	0.08000000000000007	190.2067488163858	188.7048835730306	191.41806022035624	0	0.3098772946133677	73.19135315038372	72.7342277671655	73.9140706106028	188.7048835730306	190.08295285186207	191.09013538374538	190.69518509179977	190.30023479985417	189.9052845079085	189.86378621080496	190.0490418735414	190.23429753627786	190.4235741128865
23	E	篮	lE	0.15000000000000036	0.21999999999999975	189.57483079255988	176.2928080955681	193.7521507777918	1	0.804445863532472	74.63839824098514	67.60989394494325	76.37254424436466	190.94068009333634	189.55346927265157	189.4212079474252	191.88853360629508	190.0104791376486	189.63700321720503	190.53423940039585	191.61960492333225	189.36108550003246	176.40440186024705
24	I	子	zI	0.07000000000000028	0.13999999999999968	181.2265253436165	176.84012490828528	188.92930793942935	1	0	69.06146503969055	67.89901102057921	69.59998385954468	188.92930793942935	185.7091907312675	184.01423005550552	182.90990128258366	181.74494289163854	180.23483930931246	178.72473572698624	177.80721926786566	177.32237360866463	176.84012490828528
25	ey	这	zey	0.08999999999999986	0.15000000000000036	199.2380802013865	194.9452480260217	205.2079122071944	0	0.8481178814318167	76.21264389935547	73.73687418769288	78.48768797270844	194.9452480260217	195.55322865574792	196.15934398622662	196.4017259634475	196.6566242329784	199.35219950294905	202.04172347827514	203.5512449979241	205.03662960984312	201.81531721447982
26	I	次	cI	0.03000000000000025	0.16000000000000014	204.7504662665798	204.16364834146137	206.50496249954804	0.6649659863945409	1	66.30168918727742	65.54021146573474	67.18407419738463	--undefined--	--undefined--	--undefined--	204.16364834146137	204.16364834146137	204.16364834146137	204.17553318490357	204.95200962311822	205.7284860613334	206.50496249954804
27	w>	活	hw>	0.08999999999999986	0.17999999999999972	206.8714839273849	195.63060789104946	210.1933752683434	1	0	78.46761824398398	74.32582234863918	80.71480552069858	210.1933752683434	209.20230265874642	208.21461263355891	207.88652656820437	207.56177020041363	207.88630485754774	208.19829560884477	206.0642247218838	203.89885700722266	195.63060789104946
28	oN	动	doN	0.1299999999999999	0.16000000000000014	197.00340218529828	193.37065680079348	202.5550158088669	0.6850626777074441	1	75.32978545939345	71.96216230950115	78.24395190420204	202.22899915410648	201.19320539976994	199.3601467634376	197.35522393660062	196.39290170495602	194.6553050982962	193.69309378540393	193.88127453585395	195.22134013836222	202.5550158088669
29	&n	肯	k&n	0.10999999999999943	0.23999999999999932	286.12669549018494	267.5120612131663	306.7093262644025	0.1701856914846295	0.8492001627401111	82.6601897576205	81.14293175094444	84.34066796116652	273.9969169678395	270.04087598226795	269.4025875449653	274.4668170437154	281.152185462572	288.57158461412723	297.31219148314665	303.04295215941096	305.2221551946788	297.05159596881606
30	iN	定	diN	0.10000000000000053	0.13000000000000078	216.92487732926924	196.40524573192317	277.7771124279538	0.6188276315107422	0	79.73513471151642	77.63503237557339	82.80977179494194	277.7771124279538	256.1448079529484	235.4083899560666	218.1549819826046	205.32251037370162	198.99600690785107	199.07979625741905	203.35597120356783	200.87546769337143	196.76455607111765
31	&n	很	h&n	0.08999999999999986	0.13999999999999968	212.3068306649786	204.1786945418612	218.85007308866108	1	0.18947842468165899	80.75978585750863	79.34200900300083	82.28853300718016	215.46222306643068	218.41000896119235	217.9079187845877	217.39410502835204	214.59419324410325	211.79485026264143	209.1064238246441	206.42596779418997	205.2997412347539	204.1786945418612
32	oN	隆	loN	0.17999999999999972	0.20999999999999996	198.07540959557983	190.61308462392932	202.17576738900797	1	0	78.46682242956732	72.67956278995419	81.08568428566053	202.17576738900797	199.94177554234946	199.80067788015418	199.77001190847355	199.1974967013303	198.76186294992115	198.0619748644391	196.66316601232907	194.08063971366394	190.61308462392932
33	oN	重	zoN	0.10000000000000053	0.16000000000000014	162.35491022668558	136.24418560463494	201.65855134039802	0.4994897959183726	0.8994897959183709	67.69007969360172	65.10389259541802	69.34412964793319	--undefined--	--undefined--	--undefined--	--undefined--	136.24418560463494	139.8654192330237	147.04197930546175	169.71124148247873	198.875995707686	--undefined--
