interval	rhyme_lab	character_lab	syllable_lab	rhyme_dur	character_dur	f0mean	f0min	f0max	f0min_point	f0max_point	intmean	intmin	intmax	f0_1	f0_2	f0_3	f0_4	f0_5	f0_6	f0_7	f0_8	f0_9	f0_10
1	yaw	小	xyaw	0.10000000000000009	0.2	319.06544904350363	313.88204648750053	339.1626501603407	0.6805587475922487	1	82.2698127839938	73.1418322294459	85.56844595043714	--undefined--	317.02314174895844	316.5280995551982	315.24635226356014	315.3445946111798	316.41687664325383	316.58720333580425	316.5122871423972	328.2554598570445	337.39742979080347
2	iN	英	yiN	0.07000000000000006	0.10999999999999999	328.1370020458865	324.968559875301	331.9500923494913	0	0.586708664963767	83.65684933502138	82.20721844280958	85.5494015376105	324.968559875301	325.3191055188963	325.66965116249156	327.4136049441455	329.77019042553354	331.6849093248085	330.4542702460821	329.2236311673558	327.9280343691263	326.5796647868882
3	ow	手	sow	0.06000000000000005	0.15000000000000002	329.90600265677585	290.5714250773401	346.0192693031818	1	0	76.6441483248502	73.3713151510324	78.45484387944788	346.0192693031818	344.0475394571806	342.0758096111795	340.11150576375906	338.1637018748287	336.2158979858983	330.5001557114978	316.41236403814827	302.32457236479905	293.8930431802909
4	oN	工	goN	0.09000000000000008	0.14	298.25151681323644	286.31267326560834	307.53043434219217	1	0.11671688584581454	77.74205631294788	75.51357930018264	79.20873968720862	303.92588328026545	306.8769813800312	304.27889427908536	301.8281724528756	299.9422835564078	297.86774574318014	295.0701398900973	292.34731696749594	289.9111277976164	286.31267326560834
5	aw	好	haw	0.06000000000000005	0.1299999999999999	304.8985909691047	298.9745975305619	312.9608387911666	0.8358491170288632	0	78.41892356551831	74.77561836646485	80.64757728514319	312.9608387911666	309.4192338851579	308.0691783778871	307.23194083065704	306.3947032834269	304.29405405214425	301.8977691382345	299.5014842243247	300.2833829178909	301.80896990575644
6	a	差	ca	0.1399999999999999	0.28	262.658537352671	262.658537352671	262.658537352671	1	1	72.24230345971165	69.13448025910054	75.47248962906204	--undefined--	--undefined--	--undefined--	--undefined--	--undefined--	--undefined--	--undefined--	--undefined--	--undefined--	262.658537352671
7	a	嘛	ma	0.18999999999999995	0.27	203.33368165915388	107.42553904567768	294.5375783103522	0.9544232176363842	0	75.18311810998404	70.17240545388331	79.33232425257279	294.5375783103522	277.00307718761195	262.1402802581359	--undefined--	--undefined--	178.76329212919381	178.83164758025475	--undefined--	108.71408970762795	108.25905145696746
8	yEn	连	lyEn	0.09999999999999987	0.1499999999999999	175.0325360926882	80.86395171055689	294.27326478656335	0	0.9024212286251866	74.53055701066704	72.56231134101006	76.88441784386522	80.86395171055689	83.8315771788387	84.62688960193452	97.00694977301545	121.62818621085489	181.1631685877971	256.6624288476739	279.38739753105807	293.1029479879784	283.1419556873018
9	yaw	小	xyaw	0.12000000000000033	0.2000000000000004	305.717198201305	286.19283336066695	320.70339091541064	1	0.06609032501889509	79.83129199592322	75.7881384307984	82.71682521789431	320.70339091541064	317.84727754508646	310.7984017350104	308.25950702338804	306.75002222351753	306.05823516197603	302.0883329340342	298.7190352582539	296.7354778870508	286.19283336066695
10	iN	英	yiN	0.1599999999999997	0.19999999999999973	255.96111120298838	229.66461590644172	298.90621858833316	0.2871324277160142	1	75.30031834002283	72.60582850476128	77.758111209099	253.9385664024999	241.31652501863715	232.31455441546294	231.41412497582505	238.67648006646678	253.51888895539116	266.379056267234	279.1509386430876	287.3745421428299	298.90621858833316
11	ow	都	dow	0.06000000000000005	0.0900000000000003	354.45403430492104	344.0291832009553	371.4459413649792	1	0	76.4792984559166	75.72060713988338	77.4444425687078	371.4459413649792	364.4575147318304	357.4690880986822	352.7321428460724	352.997804167755	353.26346548943764	352.7334457435193	350.4354880638363	348.1375303841534	344.0291832009553
12	yE	捏	nyE	0.07999999999999963	0.13999999999999968	292.5138288113344	285.00163367484595	305.4593013470212	0.8153880665125606	0	78.79370787337521	77.89682842583208	79.49522122052062	305.4593013470212	302.83062205069245	300.20194275436376	295.90227140538207	291.57332245392035	288.7791158443581	286.54457593736834	285.5571801678608	285.90589258263043	286.1323974081404
13	&	了	l&	0.040000000000000036	0.07000000000000028	282.0288515517249	274.89467070134936	288.01196031092564	1	0.02879397746405885	72.98026943050384	70.44666806134857	75.18758507491773	286.7710001009311	287.1371100877532	287.0131792496065	285.10596375255057	283.1987482554947	281.291532758439	279.38431726138316	277.80173866492197	276.3482046831357	274.89467070134936
14	&	个	g&	0.050000000000000266	0.08000000000000007	250.14321043930713	241.9941502793844	263.1331794048983	0.9055950574525214	0	75.23255999338295	74.64156454237771	75.87911384402307	263.1331794048983	259.7875108603161	256.4418423157336	253.0961737711514	250.27627323035276	247.61125547006074	244.94623770976898	242.81102786343754	243.2182690125004	243.6255101615633
15	%	狮	s%	0.10999999999999988	0.23999999999999977	216.93968523139102	210.2035240597029	225.54562581505135	1	0.1630076272933365	73.84040644049088	64.59206108465108	77.3758689596917	--undefined--	225.54562581505135	222.30976196788765	216.23794085867556	215.2847435155258	215.1416347183939	215.62282188146838	215.19805962401162	214.22703344086665	210.2035240597029
16	I	子	zI	0.10000000000000009	0.20000000000000018	219.30979035886045	209.51502119110648	229.3211838723748	1	0	74.51630249889327	70.26238096913173	76.3996338155256	229.3211838723748	226.06392808869438	226.42804131406464	225.21249755192315	222.32778843151928	218.37463283412802	213.93293107811462	211.89657050095954	210.25423270212818	209.51502119110648
17	i	你	ni	0.08999999999999986	0.17999999999999972	207.67228990012575	130.88765659885095	303.96393014890185	0	0.7303749448912852	71.54110071352841	62.74535906153788	75.8823787931449	130.88765659885095	136.24659278351993	141.06840251573067	143.8314727767385	161.07605922626985	233.82651183400174	289.66597263147077	280.68768673700487	275.3892653369645	284.19531086213243
18	a	咋	za	0.10000000000000009	0.15000000000000036	257.0154428401885	220.71412912233836	305.1193992617813	1	0	77.75000438736889	69.25793766175812	81.43262859908188	305.1193992617813	288.6703354014241	274.76914988035105	264.91697049158734	258.725023273466	255.1165819651705	246.0235889534497	235.43933885948775	227.71103155639946	221.83298054303356
19	&	个	g&	0.029999999999999805	0.05999999999999961	230.9199030873865	227.62958859762065	234.00545307431807	0	0.8689802674794931	73.0709696916518	72.93947138072716	73.85386551033922	227.62958859762065	228.32442037920748	229.0192521607942	229.7662223931889	230.5450470763512	231.32387175951365	232.10269644267595	232.88152112583825	233.66034580900055	233.2511137312571
20	a	啥	sa	0.20999999999999996	0.29000000000000004	188.98917296299302	176.92231564101903	206.92747897458852	0.656813519058417	0.9689091096881073	69.82809600198907	64.34415623899888	75.60021876104943	--undefined--	--undefined--	--undefined--	--undefined--	--undefined--	--undefined--	177.13958599024912	182.71113091510745	198.60922829066257	203.90527244350426
21	I	子	zI	0.040000000000000036	0.0900000000000003	264.7101611131083	253.38125695323524	280.9129904662724	0.8310496410271809	0	69.76236596249082	68.58393922077484	70.87919936436448	280.9129904662724	276.5999320441463	272.28687362202027	267.97381519989426	263.6607567777682	261.5422898457458	259.5020976432246	257.46190544070333	255.4217132381821	256.9582792936914
22	ow	都	dow	0.06000000000000005	0.10000000000000009	336.6757229748272	293.7888438842254	356.4432100368418	1	0.3234871930235969	75.92962921283434	72.89606132192768	77.85146619063401	338.9660867815989	345.4297425156892	351.8933982497789	354.86152682128153	350.06288134112015	345.2642358609591	337.1106396012501	321.5026184587687	305.8945973162887	297.20340087547885
23	w>	做	zw>	0.09000000000000075	0.16000000000000014	162.27293159717138	95.66969124912539	261.91273735550016	0.6487759160128789	0.08812043335853861	74.638734038671	72.62411137659633	77.56371459373761	261.91273735550016	261.91273735550016	--undefined--	--undefined--	108.32239784128416	108.10269563767861	107.04090197422607	115.55232592085501	160.75671270723623	196.10238686040398
24	u	不	bu	0.040000000000000036	0.0699999999999994	197.41087228718072	194.5676098101421	198.96536492308798	0	1	69.59147358036455	69.32046591882376	70.02086797242846	194.5676098101421	195.61458953637202	196.5289214167275	196.9605407218584	197.3921600269892	197.82377933212	198.2553986372508	198.53289666282296	198.74913079295547	198.96536492308798
25	u	出	cu	0.02999999999999936	0.16999999999999993	222.67804367120004	210.0915394073144	239.50270592567702	1	0	72.66888500754847	69.83084056246989	74.6379081987963	239.50270592567702	234.71248853644445	229.92227114721106	226.32995234692845	223.4695003557854	220.60904836464093	217.74859637349792	214.8881443823544	212.0276923912104	210.0915394073144
26	@y	来	l@y	0.1200000000000001	0.15000000000000036	189.05281430545816	178.78128130470543	199.86586390794574	1	0	74.04793269097668	70.88904802716306	76.11832419473036	199.86586390794574	197.60169926053067	196.6330593664229	194.0225355592715	190.85941488059186	187.13754657248998	183.95447943409724	181.66126219858114	180.5914927869985	178.78128130470543
27	ey	喃	ley	0.0600000000000005	0.11000000000000032	167.5604237785654	167.5604237785654	167.5604237785654	0	0	68.07430967160809	66.79842689987859	70.39553711628	167.5604237785654	167.5604237785654	--undefined--	--undefined--	--undefined--	--undefined--	--undefined--	--undefined--	--undefined--	--undefined--
