interval	rhyme_lab	character_lab	syllable_lab	rhyme_dur	character_dur	f0mean	f0min	f0max	f0min_point	f0max_point	intmean	intmin	intmax	f0_1	f0_2	f0_3	f0_4	f0_5	f0_6	f0_7	f0_8	f0_9	f0_10
1	yaw	小	xyaw	0.13999999999999996	0.22999999999999998	343.05606518083073	326.919155643309	359.8527939425969	0.28322233227398347	0.8593947895940082	84.17914782840829	73.91200899391325	87.92237463104888	--undefined--	333.2036788093106	329.0208147333732	328.8503107866204	333.557703539085	341.8041523965832	353.2785413409854	358.3491044180925	359.1538899595206	355.13208364022694
2	iN	银	yiN	0.1499999999999999	0.18999999999999995	296.5671414942151	265.5814938728659	323.6029314770581	0.9128749501965263	0	83.14575099133388	75.67805518073155	86.41159176667858	323.6029314770581	314.0068959511529	309.84307866355044	306.20858712562193	301.085119713955	295.2784313818908	290.5029046243628	284.2895687563848	269.5983775015152	278.725523583222
3	wey	对	dwey	0.12	0.15000000000000002	253.1176956296105	213.14052115255646	307.11749428253404	1	0	78.74752395375255	73.83727227022682	80.95737448460625	307.11749428253404	281.6994818236131	266.9035814641071	258.6496437492961	256.9995505957697	256.17426479157655	251.96422668949305	229.66409933638175	218.58594417134867	214.02412864394128
4	i	集	ji	0.14	0.27	259.5010564936016	242.95300277956738	263.10919591304156	1	0.47682427205746175	80.10305590671263	75.29891463725102	81.72188210018301	259.6984872110402	260.524149906646	261.6485429279714	262.10034302639946	262.8396801559827	262.5124572159498	261.5031607135331	259.8609096009193	252.5724238202586	242.95300277956738
5	i	体	ti	0.030000000000000027	0.1399999999999999	284.6626344935065	270.5948302501509	303.05255750129027	1	0	79.9243146607284	78.31618437522562	80.7927171741749	303.05255750129027	298.6318512015944	294.2111449018984	289.7904386022023	285.3697323025062	280.94902600281046	277.9022267434517	275.4664279123514	273.0306290812512	270.5948302501509
6	w>	活	hw>	0.07000000000000006	0.17000000000000015	240.01871433238662	215.60675794398577	264.10231727257	1	0	79.25355054026366	76.77820665638805	80.35117263172174	264.10231727257	253.18391148296834	250.27641920255428	247.36892692214022	243.85646927966314	239.57250523017674	235.28854118069066	228.77155297948343	221.91520510450513	215.60675794398577
7	oN	动	doN	0.16000000000000014	0.21999999999999997	204.69748924796002	199.4281484008272	229.99582085454747	0.29324808526748736	0	79.39051137409864	76.54629602764666	81.5926394034415	229.99582085454747	215.3088357612106	202.550741211696	201.46829657115393	201.75619753226368	200.816803497948	200.57568826066685	202.10724183677266	203.03029921656244	200.77262527211045
8	oN	从	coN	0.16000000000000014	0.28	253.59716802253473	249.09399661953276	265.94371716944295	0.5669080126127943	0	80.310235988348	78.23506683887454	80.80278402059933	265.94371716944295	260.49470524963664	255.66482972192154	252.4815993855105	250.3295272299863	249.41631555739338	250.2131685331789	251.95239039599736	252.96806998415542	252.39396311964344
9	@y	来	l@y	0.11999999999999988	0.15999999999999992	233.23682029918194	210.79930390065485	244.50426291102042	0.9311364252195798	0	80.06071987459372	71.8186334725963	82.20752761183425	244.50426291102042	241.36658712591117	240.25919016252288	240.23818447791825	240.69558797641747	238.72763574463355	233.93238082497052	221.25630292784464	214.78891537812257	214.29153654614586
10	ow	都	dow	0.10000000000000009	0.15000000000000036	233.21956193090736	217.2076251421415	245.14596434061596	1	0	77.02606012978826	71.43004321135666	81.47877267007966	245.14596434061596	240.99189875729496	239.4569485676637	239.3225177518704	240.546379595126	236.3004379239391	229.79480092919422	223.5974062240119	218.00890501077268	217.2076251421415
11	u	不	bu	0.040000000000000036	0.08000000000000007	226.66842942124015	217.73665023927688	231.69458546550155	1	0.1922983680412103	76.98947130524967	76.17304336453063	77.8415457626782	229.1830533804585	230.63407854353596	231.30400400873086	229.85274403844457	228.40148406815803	226.95022409787165	225.4989641275852	223.1009763874223	220.4188133133495	217.73665023927688
12	E	热	zE	0.1299999999999999	0.17999999999999972	205.30066752563465	194.86897379325598	223.80085795666304	0.6586421701184556	0	80.20134717780108	77.39572347137904	84.90626259530731	223.80085795666304	217.91852032342746	212.8520546371377	208.67325441474054	205.48742383522858	198.40916804337655	196.2359185180212	196.99602103887372	197.57307522553563	207.00160731106146
13	iN	心	xiN	0.16000000000000014	0.33000000000000007	157.09631631807972	98.92532466931712	212.92588212275285	0.677002160393011	0	77.19673931600441	74.609100309051	78.57774544080942	212.92588212275285	205.94275348955804	197.86047958240445	194.6789232778132	195.6025260913743	142.8406023503525	100.57574148953475	104.59707196963711	112.06024252114304	109.24960008492376
14	yEn	连	lyEn	0.11000000000000032	0.14000000000000012	229.24669744631058	178.62277011198793	242.04471272488436	0	0.8165909524887964	82.49962817362093	76.11964601781233	84.47482294934504	178.62277011198793	221.69493059206945	222.91947642764023	225.99606272670349	229.61150938753022	232.01456225527448	235.74957225978358	241.03875536558263	239.1333816933705	236.35086451667195
15	yaw	小	xyaw	0.16000000000000014	0.22999999999999998	319.90349895217264	306.9692810963834	335.1058959343099	0.24433017612694152	0.9246969394139263	81.82632313922464	71.94349920529764	85.07821471456974	320.26372932964586	314.0271138663767	307.7387271112796	308.99216071301913	313.6914045700787	318.5244783201975	326.07559389066574	329.6783810245249	333.788731198494	332.2930000056072
16	iN	银	yiN	0.19999999999999973	0.23999999999999977	284.33517357424176	259.8630574535524	312.75393273904353	1	0	82.85819824811676	80.2230692758706	84.39760506433677	312.75393273904353	303.63216621932725	296.22863013760843	290.25480234801296	282.24989474220854	278.76119839721883	275.38920566737403	274.06711532289967	271.3447363506376	259.8630574535524
17	ow	都	dow	0.11999999999999966	0.16999999999999993	273.2750422666976	271.3610019465655	275.92776795415335	1	0	80.56052100966275	78.67673034946831	83.19464472758513	275.92776795415335	273.10719937375404	272.09706347662154	272.0179707702987	272.185274046739	273.6425391753853	275.23848641690336	274.50251764513104	273.18160423080974	271.3610019465655
18	a	拿	na	0.1200000000000001	0.16000000000000014	247.96429747491766	241.71103270733735	260.53305654887384	1	0	82.78755036407345	81.13915169383759	83.58818602658452	260.53305654887384	256.68824766176687	253.04860467166492	249.61403432512333	246.683184687123	245.16899598372143	244.27580549773688	243.06149162515308	242.32768078137985	241.71103270733735
19	&	了	l&	0.04999999999999982	0.08999999999999986	224.7935068656968	211.5067643244314	237.32655280208374	1	0	81.23880527850729	79.66051553758396	82.20163183942657	237.32655280208374	235.17267207669232	233.0187913513007	230.8649106259093	227.27494150678578	223.35965073651653	219.44435996624728	215.89919650005757	213.70298041224447	211.5067643244314
20	&	个	g&	0.040000000000000036	0.10000000000000009	215.33997892810615	212.48128893522193	219.8842619412564	1	0	81.93885550816594	81.50914134301593	82.28630146940978	219.8842619412564	218.1896605569416	216.77259341110528	216.10920929203894	215.4458251729725	214.78244105390607	214.11905693483962	213.5535483420845	213.01741863865314	212.48128893522193
21	E	篮	lE	0.1900000000000004	0.25000000000000044	198.0745692501148	186.91177239974564	206.61643669185509	0.9124046200906851	0	79.89703256231098	71.67799405674067	83.07304568374282	206.61643669185509	204.86216467033077	202.68429539624466	198.73904223016382	196.50124849768275	196.63847388224417	198.54263744585688	198.82497318345162	187.68279098290986	190.30175446743175
22	I	子	zI	0.09999999999999964	0.1999999999999993	202.89803109641585	191.1394111752302	210.8353086637137	0.9918522999482295	0	74.916947814249	69.74000065596486	78.31829645926834	210.8353086637137	209.82219311229238	208.65348960773719	207.25870648667564	205.45406436914476	203.38478617412855	200.17386319500778	196.69410264867864	193.6099945606958	191.64039637555476
23	ey	这	zey	0.0699999999999994	0.1200000000000001	219.71008609839276	211.51240852254924	230.18013433403542	0.28146350319100005	0.9757904403211278	81.97487365609624	80.15923311961673	83.36418114008315	220.80260635601826	213.86040317860056	213.35027405867527	212.8401449387499	214.56123258056272	219.12776912747796	223.69430567439287	226.28113322107666	228.56709819089838	229.57509922378023
24	I	次	cI	0.05999999999999961	0.1200000000000001	269.71575619333976	247.54155172483686	285.67405910020966	0.9972515391641004	0.2948790627362068	76.26216188910931	69.5373189679865	79.93053875941297	--undefined--	--undefined--	285.67405910020966	283.5434713542504	277.3872767860718	271.23108221789323	264.95822568449216	258.4649439637308	251.97166224296828	249.17988801118253
25	w>	活	hw>	0.07000000000000028	0.15000000000000036	246.37511335441442	218.1424598047951	272.82688194465084	1	0	80.0541078311488	76.2458317132675	82.97695520825089	272.82688194465084	264.91263992500217	256.9983979053547	253.3073927696196	251.2165487446746	248.22337636513333	240.26525981646148	232.30714326778903	224.99365507372175	218.1424598047951
26	oN	动	doN	0.10999999999999943	0.14999999999999947	217.05730361405628	211.96097929411064	231.94763884900271	0.5113730035502888	0	83.05723190366295	80.04036133398698	84.9308061904925	231.94763884900271	226.8193592733894	221.01039759632806	216.40127377010572	212.66677119729826	212.99109478302907	213.4245125609919	213.98522517029284	213.7523730313455	213.42705428836035
27	&n	肯	k&n	0.23000000000000043	0.35000000000000053	332.6868990594152	277.7840246271605	376.2307473298109	0	0.7574452042151184	82.4283806659147	79.17333586280505	86.13542249386062	277.7840246271605	285.6709670967249	298.7121739017909	316.23206005616413	334.5165134605879	349.46488111134937	367.7856741350601	375.45072182771185	359.0521657249563	337.81254995132696
28	iN	定	diN	0.08999999999999986	0.14999999999999947	230.3796988837252	210.69897552204242	259.77725284759657	1	0	81.49968955857618	78.37758897247906	83.69059706092463	259.77725284759657	245.01079989906233	239.18969403194288	233.88297830631618	230.29131767161516	227.044111151297	224.94536712045567	222.07345571606433	216.6236865084618	210.69897552204242
29	&n	很	h&n	0.07000000000000028	0.15000000000000036	237.8743387007285	230.69864802730766	261.3024896912532	0.6654893510382387	0	78.50105899815927	77.00806179376906	79.2034731853807	261.3024896912532	252.12636944171976	242.9502491921877	237.9445381667143	234.51897214372502	231.6511361018134	231.85213659085468	232.05313707989595	231.99760206701097	231.75809353397108
30	oN	隆	loN	0.1800000000000006	0.23000000000000043	205.91044026895727	192.05394468828413	225.6413108389259	0.9720492768301415	0	79.5209937840353	72.43362966503699	81.45640253769284	225.6413108389259	216.19106509082098	209.17869941251647	204.06800950030689	201.00081245239988	201.20971599307896	203.5289642776096	206.1748378501085	203.19279344846527	194.83494691803537
31	oN	重	zoN	0.1299999999999999	0.1899999999999995	178.37543394650794	171.8442100403442	192.289598557877	0.1360980289551716	0	64.16794290029976	50.97657917403303	72.52604334465319	192.289598557877	175.59788117797632	--undefined--	--undefined--	--undefined--	--undefined--	--undefined--	--undefined--	--undefined--	--undefined--
