interval	rhyme_lab	character_lab	syllable_lab	rhyme_dur	character_dur	f0mean	f0min	f0max	f0min_point	f0max_point	intmean	intmin	intmax	f0_1	f0_2	f0_3	f0_4	f0_5	f0_6	f0_7	f0_8	f0_9	f0_10
1	yaw	小	xyaw	0.10999999999999999	0.18999999999999997	131.7608872616445	128.43508176003778	136.1118026380715	0.41810966810967104	1	78.06272700281949	66.2698256922683	81.08507395929777	--undefined--	--undefined--	--undefined--	128.43508176003778	128.67334023497898	129.6785951703475	131.49374357876985	133.84736170170913	135.00887789617025	136.1118026380715
2	iN	影	yiN	0.09999999999999998	0.14	134.14037676462073	130.02819654646459	136.0564716218867	1	0.652962639482141	78.03791775625892	76.09915175955757	79.30033153904964	133.9675219211216	133.76802711142182	133.81447740329568	134.05361080022413	134.85020489929607	135.82215048683574	135.8266775967157	135.28453663562914	132.09416392390992	130.02819654646459
3	iN	平	piN	0.06999999999999995	0.16999999999999993	116.4288016502136	103.46408210033805	140.1485961330081	1	0	74.64958792690193	72.29051553437625	76.88775977837236	140.1485961330081	133.23212306848203	126.3156500039561	121.37374969406791	116.54925641283388	112.13982157559884	108.42973178784145	104.71964200008412	103.75132356953823	103.46408210033805
4	%	时	s%	0.029999999999999916	0.09999999999999998	--undefined--	--undefined--	--undefined--	--undefined--	--undefined--	66.14926805627995	66.19562601727597	67.75015912223809	--undefined--	--undefined--	--undefined--	--undefined--	--undefined--	--undefined--	--undefined--	--undefined--	--undefined--	--undefined--
5	ow	抠	kow	0.06000000000000005	0.17000000000000004	105.13318256796678	102.25583031273005	108.15477662404842	0.9566430017470142	0	74.17263296102834	70.62321289171382	76.25276891889321	108.15477662404842	107.59130822928464	107.02783983452085	106.32135568643311	105.51999970198196	104.71864371753081	103.97141403056717	103.26008990728339	102.54876578399961	102.58726091390386
6	ey	得	dey	0.06000000000000005	0.09000000000000008	96.70124743365923	93.15484246528615	101.84229717765977	0.4332010582010637	0	72.49261058403658	69.04732980776762	74.99399124593405	101.84229717765977	100.7100000660568	98.10370339885048	95.49740673164428	93.15484246528615	93.15484246528615	--undefined--	--undefined--	--undefined--	--undefined--
7	&n	很	h&n	0.2200000000000002	0.28	110.33451870114548	77.05399532305196	131.82239985284218	0.754509379509381	0.16094969426592656	69.06140419394823	52.18566653046314	78.27689067803503	124.64970537163201	130.58922122937662	129.65462657155265	121.05319451413324	108.63116293004293	--undefined--	79.09571796588081	77.05399532305196	--undefined--	--undefined--
8	yEn	连	lyEn	0.13000000000000012	0.16000000000000014	97.0111615883922	93.4713024796775	100.44238816462345	0.7414444972745052	0.5683991319204926	70.83159758463306	65.33310700925126	73.80319350116454	--undefined--	97.33005582763212	95.92993159766775	95.42022818909247	96.27357630686102	99.52965682900378	96.69375507087622	95.10683427905495	99.71448529185413	--undefined--
9	yaw	小	xyaw	0.14000000000000035	0.2100000000000002	122.92338062914267	115.02529642380854	128.33931329277803	0.3999433106575981	0.9925899511644107	77.41307642868986	70.78316109584547	79.69187091696216	--undefined--	--undefined--	--undefined--	115.02529642380854	116.93131012484062	121.39788235176256	123.60978800844785	126.41782613813157	127.99850531080818	128.26728910201413
10	iN	影	yiN	0.14000000000000012	0.18000000000000016	148.83145429227562	131.0798411601911	159.64286692629605	0	0.7763849974104613	80.70928150768015	79.2785997339127	82.1677173967578	131.0798411601911	134.72943342543473	140.49936803902142	145.20459641157638	149.9906949252948	155.27312577380468	157.50722374232728	158.64663308876231	155.8851356369733	150.91573746344218
11	ow	都	dow	0.08000000000000007	0.11999999999999966	151.59259657028736	148.28996947817134	157.07762611640246	0.7457265342013735	0	82.09523808890249	80.05430952858251	84.35730313052183	157.07762611640246	155.87278451406067	154.56608291618187	152.85420489161118	151.14232686704057	149.91640276158319	148.71557486791096	148.74648712449368	149.3030464515675	149.4306227506373
12	@y	买	m@y	0.08999999999999986	0.16000000000000014	128.62669800963283	113.17801726017275	143.5149870150712	1	0	81.21115579927233	77.38075333085098	83.68340191584984	143.5149870150712	140.7511374114393	137.6254371905838	134.5737127867355	131.63258589148174	127.92230419687684	123.06209800027119	118.75434229904525	115.27252743744573	113.17801726017275
13	&	了	l&	0.040000000000000036	0.06999999999999984	108.17465929022903	103.73642418059441	112.52582457823377	1	0	74.27550251299121	71.91782729776652	77.02703932454463	112.52582457823377	112.329258138751	111.37036831314025	110.00420982918716	108.638051345234	107.27189286128092	105.99864035278696	105.24456829538948	104.49049623799189	103.73642418059441
14	a	把	ba	0.1200000000000001	0.15000000000000036	95.99239319598475	92.60205095621033	102.27223852983774	0.9535712088056805	0.4666005291005281	70.75198759685944	68.97901629442632	74.98489071964686	101.13103473647077	95.34223758390311	--undefined--	--undefined--	102.27223852983774	98.17837461108924	94.28751013691438	93.2414503036682	92.80457838593932	92.7226311324635
15	i	椅	i	0.1499999999999999	0.1499999999999999	93.49293694365484	90.69608435059008	96.38768061260338	0.38776909537572163	0.869654787608771	67.44259352885224	65.59885606217603	69.62298984211179	92.7226311324635	93.1682712230827	92.5969754083478	91.25047000454889	91.32853338968502	92.77371143843412	94.6190135267241	95.75446017011066	96.21787087863774	94.93320191944483
16	I	子	zI	0.07999999999999963	0.19999999999999973	--undefined--	--undefined--	--undefined--	--undefined--	--undefined--	60.53165227558635	58.07430218056482	62.55651568842872	--undefined--	--undefined--	--undefined--	--undefined--	--undefined--	--undefined--	--undefined--	--undefined--	--undefined--	--undefined--
17	&	这	z&	0.040000000000000036	0.10999999999999988	89.42933426748917	86.59957603058697	91.41128795325594	0.8998015873015955	0.39980158730159554	62.90264044071491	61.98462729889223	63.98326740394428	--undefined--	--undefined--	91.41128795325594	91.41128795325594	90.98167081730331	89.91240150115476	88.84313218500607	87.77386286885738	86.70459355270869	86.59957603058697
18	y@	家	jy@	0.0900000000000003	0.13000000000000034	105.79831454005654	98.09528188233186	114.92540408731108	0.6221340388007026	0.8585713921443134	70.60603632712802	61.18257181818266	74.04024771774858	--undefined--	--undefined--	--undefined--	--undefined--	--undefined--	98.09528188233186	101.45579370922148	109.84043707928225	112.2663890159073	105.78380227482235
19	u	铺	pu	0.04999999999999982	0.2599999999999998	--undefined--	--undefined--	--undefined--	--undefined--	--undefined--	55.513671065907694	54.90400794345658	56.18030637796973	--undefined--	--undefined--	--undefined--	--undefined--	--undefined--	--undefined--	--undefined--	--undefined--	--undefined--	--undefined--
20	I	子	zI	0.08000000000000007	0.14000000000000012	86.05635638613822	86.05635638613822	86.05635638613822	0.324900793650795	0.324900793650795	59.962974622934176	55.57967924019604	62.69124052722348	--undefined--	--undefined--	86.05635638613822	86.05635638613822	86.05635638613822	--undefined--	--undefined--	--undefined--	--undefined--	--undefined--
21	&n	肯	k&n	0.06000000000000005	0.16000000000000014	98.44309718324062	89.39615033464548	105.7042979418858	1	0.09986772486771925	68.87894920482817	66.48363243125777	70.14307670189442	105.7042979418858	105.48906266293598	103.36203167096276	101.23500067898937	99.1539497613764	97.48131009249411	95.80867042361183	94.06886866294693	91.7325094987962	89.39615033464548
22	iN	定	diN	0.08000000000000007	0.10999999999999943	85.083519754926	81.30827032424088	87.58502225024753	0.7407365692142502	0	66.88346777592453	62.8351343150042	68.95691456960418	87.58502225024753	87.1403037060164	86.79106537520946	86.82162611557912	86.8521868559488	84.55629153860457	82.14025060325605	82.27701503875834	83.5031932312483	84.17649643516026
23	yaN	相	xyaN	0.09999999999999964	0.16999999999999993	90.64083614159142	84.58052983409013	97.2691258442291	0.5198984482217491	0.9325951371982677	65.6324836347732	61.6186862742025	68.12248449225746	--undefined--	--undefined--	93.11430860944365	90.1485913358283	85.65993816495077	86.00126463696175	87.37604595549104	92.6469384138187	96.32616916850955	95.49205783206354
24	iN	因	yiN	0.08000000000000007	0.11000000000000032	99.2410495313381	96.55969064858844	100.871567823438	0	0.6448897140796322	71.12421396952834	69.5188937101764	71.8123806452236	96.55969064858844	97.76438547702156	98.82867591949748	99.33446891560916	99.84026191172087	100.25659693365107	100.66831206020106	100.04926335438861	98.99033454177157	97.83891581984895
25	ey	得	dey	0.05999999999999961	0.08999999999999986	82.8738364493626	78.77594985574608	91.2091485544333	0.7665343915344064	0	67.22350201934164	64.86073430817288	69.13213980848656	91.2091485544333	89.08193212325696	86.47242386408752	83.86291560491851	81.42499299727731	80.5111547061536	79.59731641502991	78.77594985574608	78.77594985574608	--undefined--
26	&n	很	h&n	0.13999999999999968	0.20000000000000018	91.3283990058001	81.92876314280261	102.23948500591045	0.6744224908426045	0.0428004535147433	65.0066344637527	57.1961497540979	70.82836713567349	102.23948500591045	102.00136455537964	99.62378962981899	93.34666684414333	90.55729325938537	85.60681584075071	82.8549046118136	83.97595513440325	87.89143747860163	--undefined--
