interval	rhyme_lab	character_lab	syllable_lab	rhyme_dur	character_dur	f0mean	f0min	f0max	f0min_point	f0max_point	intmean	intmin	intmax	f0_1	f0_2	f0_3	f0_4	f0_5	f0_6	f0_7	f0_8	f0_9	f0_10
1	yaw	小	xyaw	0.1499999999999999	0.2799999999999999	164.24073376331833	154.2196833961861	175.0622216082198	1	0.7110771071599102	79.72719392426032	70.04980950812214	81.57646312806575	--undefined--	159.46178747970805	157.964933194413	158.67943379990217	162.2371137481617	167.27478495735588	174.25694208885668	172.85780681811383	165.05241710850686	154.2196833961861
2	iN	映	yiN	0.22999999999999998	0.26	115.34328723823641	103.22177266017665	132.87570673093478	0.27548280091168803	0	74.16359380884462	68.97348989672855	76.23738056504001	132.87570673093478	110.83772931292881	104.04338573107074	104.02130060762113	107.2309707289011	116.84582762425397	123.61415934802008	125.75697078332072	122.00967513764914	120.2600147320599
3	wey	嘴	zwey	0.09999999999999998	0.15000000000000002	149.46933635438154	145.5304337939976	151.74754175115186	1	0.4334562874468951	78.19422154407172	73.15392101898469	80.05149356699262	146.7435079546514	148.5213126194079	150.3143675050944	151.15772227619354	151.5649241851208	151.057789841122	150.13296546780566	148.8271262872582	147.23385298610702	145.5304337939976
4	a	巴	ba	0.07999999999999985	0.1299999999999999	153.83330890189916	152.01457138097916	154.9641304581394	0.909784326936629	0.5703532517708232	83.86953924795789	82.6239181847844	84.70709435587287	154.4823813598893	154.17760636661342	154.0582861779488	153.991670999276	154.16661688035197	154.55689885690958	154.49133227481855	153.24598372514947	152.0605681351123	152.90355026772747
5	&n	笨	b&n	0.1200000000000001	0.20000000000000018	103.27490646767419	97.29079563124601	122.10441743717172	0.8065438101824762	0	71.79242543480969	67.52747690206881	78.70330985153217	122.10441743717172	108.64285368189444	--undefined--	--undefined--	--undefined--	103.32623857222035	100.7111261693522	97.78744710662275	98.76192650332133	100.78622332617083
6	ey	得	dey	0.07000000000000006	0.10999999999999988	107.55293801936442	103.0026930006998	111.57765881503855	1	0	75.7776570693259	73.47009870006407	76.91419903138417	111.57765881503855	111.47870722824034	110.61558494388365	109.25192624363511	107.89826253581495	106.83934004915926	105.78041756250356	104.79629346333299	103.8994932320164	103.0026930006998
7	&n	很	h&n	0.28	0.3500000000000001	129.56288952238026	84.66237004662254	167.53571898681855	0.7530571752510523	0.15117816545632265	69.45143372525779	56.72086021255207	77.78037608703997	146.86271323141347	166.5185531464726	163.69825701039488	147.00895171225386	124.5305829033004	102.3275499671855	88.7132318598993	84.66237004662254	--undefined--	--undefined--
8	yEn	连	lyEn	0.10000000000000009	0.14000000000000012	125.31792271919664	120.39589141581199	129.2269145956818	0.8741373781125531	0.16680307411418557	74.12296480077644	70.1541577516999	77.0492476061317	129.12184070523261	128.76928590351298	129.03061767369627	127.92974546755343	126.68461694065577	125.13707429426105	123.3067557710903	121.21849047251885	120.95382139196508	121.3879615890283
9	yaw	小	xyaw	0.1499999999999999	0.23999999999999977	164.85793999024307	145.56397723700778	172.92744708996617	1	0.641779645525489	80.03438045908217	74.57627136064721	81.95388506648806	--undefined--	168.91727374453552	160.8378743186129	161.3348209110093	164.7918641290736	170.0049631913484	171.66057030206758	167.45462456835696	158.05081230483495	145.56397723700778
10	iN	映	yiN	0.1499999999999999	0.18000000000000016	104.99029526694464	94.80448613759152	121.80949356176843	0.4442324063674562	0	71.81915533520598	69.21214645551969	74.33728569824369	121.80949356176843	111.07181369832416	102.4641612857944	97.4368247311968	95.4361069902098	98.35847103154676	103.28277339471492	108.4006244855795	112.46813265045812	112.00510193794861
11	ow	都	dow	0.06999999999999984	0.10999999999999988	131.5574628069826	125.88402229363146	134.82022801483137	0.8850799024367952	0.21874260178223282	75.64469714756814	73.42165927038116	77.17036215711914	133.73974882467806	134.193011848339	134.48818429599072	134.36137799308526	133.33171097674534	132.30204396040543	130.25749779383892	127.86937790519566	126.23711972753225	128.15207978687127
12	@y	卖	m@y	0.13000000000000034	0.2400000000000002	110.56233059568606	102.32979768315593	126.58352798825656	0.6259173841300498	0	79.31491346546085	74.39156346398246	83.16107022535213	126.58352798825656	123.10314583640451	118.16930073254531	112.24448760338473	106.68448399558758	103.69929571670716	103.16227514646843	105.20232161400826	105.88308188216398	109.10419540066303
13	&	了	l&	0.04999999999999982	0.07999999999999963	117.09801634156966	114.23651301134737	118.54338404044053	0	0.5865205139113371	75.74839528129927	75.58863729234467	76.06606271833793	114.23651301134737	115.2153411399097	116.28763758731954	117.35993403472938	118.14668943796042	118.05786462688411	117.96903981580778	117.88021500473147	117.37955882365694	116.65314358193574
14	waN	双	swaN	0.1299999999999999	0.22999999999999998	127.3380192747768	123.94506922135619	131.96106762556667	1	0.08350776207918677	75.0683524519029	69.38166110861727	76.0191617767143	--undefined--	131.53624458546884	129.82621440194717	128.3240374924288	127.04946478435669	126.02045559154126	125.31513600743838	125.20636973485715	124.9654258701826	123.94506922135619
15	a	袜	wa	0.18000000000000016	0.2100000000000004	105.51911913351815	99.76052925341996	119.16095986136386	0.9492000503905237	0	76.6722281117666	68.43508325484258	80.50188200577041	119.16095986136386	115.89541626896016	111.29498130847752	106.65846850162119	103.17664675554458	101.27326830001248	100.71130599813057	100.93921555633808	100.56596760982956	99.76052925341996
16	I	子	zI	0.18999999999999995	0.2799999999999998	99.99073209778685	82.2216196721194	125.54106038008868	0.7413474161594432	0.10976846879102373	66.13691392160727	53.48055476871955	72.0497013552534	--undefined--	125.36066532741552	110.83068338577499	102.39048589874254	96.57094589168172	91.46081170002093	86.04379412929826	82.2216196721194	--undefined--	--undefined--
17	i	你	ni	0.07000000000000028	0.10000000000000053	158.43603391653812	148.7530776229617	162.46092948955692	0	0.7646258842807103	74.81604136665386	69.82212961908174	77.4742666393826	148.7530776229617	152.7321450877216	155.4755167880515	157.40950030975077	159.32006187325396	160.53993591395883	161.75980995466387	162.09111063529178	161.38504052113814	160.67897040698438
18	a	咋	za	0.10999999999999943	0.17999999999999972	132.19506644059868	121.20815049598971	158.67308602225506	0.8730071467803907	0	79.91348977700068	73.4823570792071	83.19574632774334	158.67308602225506	153.0343764785865	142.6233262259473	134.40218049857194	128.5974074717547	125.3791139966763	122.97137882145898	121.80047081428161	121.50353448532988	121.87585574781224
19	&	个	g&	0.04999999999999982	0.08999999999999986	110.72220217256144	108.0528023750604	115.11939624921115	0.7973417115602317	0	75.03707615277543	71.75785671043681	77.65668247196164	115.11939624921115	113.9227465578052	112.73573140160282	111.54871624540056	110.47642778307821	109.75593611236265	109.03544444164709	108.31495277093146	108.62736500073686	109.50599785215468
20	yow	就	jyow	0.08999999999999986	0.1200000000000001	108.77711816829539	103.79602633175014	115.60671599829827	0.709083186625867	0.14323122066030183	74.3579416267606	69.76706553198792	75.48522894352664	113.9737022500656	114.48466508847993	114.90894767189687	111.51994679767328	107.77396774483664	105.80901593146702	104.01079388447029	104.74977113448105	105.72626673157664	105.94693887532547
21	ey	没	mey	0.0699999999999994	0.1299999999999999	114.6289796299671	105.61092628923534	122.31925675988813	0	1	75.70294194608486	73.90931328621137	76.61229882511246	105.61092628923534	106.33226400492454	108.32545429580813	111.15171569444854	113.968935185342	116.51951886334305	119.0701025413439	120.79544376030283	121.55735026009542	122.31925675988813
22	@y	卖	m@y	0.1200000000000001	0.20999999999999996	88.96386873220958	82.24002735565703	101.81348499008884	0.4238000755857929	0	70.39926312710756	67.85169288308644	75.1327392531153	101.81348499008884	--undefined--	--undefined--	--undefined--	82.99253241011365	87.042628263847	90.39387974582019	92.75742710128476	92.19577110242233	92.01929840550079
23	u	出	cu	0.040000000000000036	0.15000000000000036	110.55672219697607	99.64503292470185	123.9744283925901	1	0.021400226757362067	67.62256145937879	65.67656216089674	68.55788946113587	123.9744283925901	121.1891606946537	117.73947684760418	114.28979300055377	110.84010915350513	107.82242283815631	105.7780753597927	103.73372788142909	101.68938040306547	99.64503292470185
24	U	去	qU	0.17999999999999972	0.29000000000000004	99.35012826207186	95.48612393890777	108.83026457264327	0.7358954473522576	0.06031116150163493	67.92903010839836	61.481781501705285	71.34346017045355	--undefined--	104.96387215031935	98.77512853073719	97.0367240825822	97.17358905816002	96.81513231623714	96.01898114006976	95.8128971980432	100.61445007117264	105.86200331695488
