interval	rhyme_lab	character_lab	syllable_lab	rhyme_dur	character_dur	f0mean	f0min	f0max	f0min_point	f0max_point	intmean	intmin	intmax	f0_1	f0_2	f0_3	f0_4	f0_5	f0_6	f0_7	f0_8	f0_9	f0_10
1	yaw	小	xyaw	0.15000000000000002	0.21999999999999997	170.73562033922295	158.33848945191744	184.97707908616658	0.2369815075429874	0.7252382535844658	81.88933175112089	72.58761836921559	84.9477966040928	--undefined--	159.44702056144573	159.34442389944394	161.13540911788905	167.45722890956986	173.55471901712738	182.09336641354605	181.94801864427976	176.11161031487077	171.53364192108205
2	iN	银	yiN	0.14	0.17999999999999994	149.97616874396232	120.45196062826027	166.78525035956193	1	0	77.65697564438877	72.24298039508784	79.83852569418988	166.78525035956193	160.97831262237904	159.76739271228251	157.9599002006954	155.04096240461652	150.98733912820515	146.5064497385375	142.40862561055283	131.79561706461982	122.66964096023321
3	wey	对	dwey	0.13	0.16000000000000003	130.31439127166004	120.42233314089867	135.6838986254903	0.8568456086233424	0.34902960458496995	76.59991841292752	70.16587995682988	79.85101094893429	129.7773768450669	132.72050187401928	134.55886763287512	135.57154582121598	134.85942176588534	133.19120666641467	130.2118794547211	122.97092728875309	122.2029221095141	122.16025713154124
4	i	集	ji	0.07000000000000006	0.19999999999999996	137.59644117292973	130.78553625238766	142.18434732333955	1	0.16472899350214676	75.18442169079623	71.0949176678247	77.53608247159625	140.895011035935	141.7924518730683	141.4638347306051	141.1352175881419	139.45927149239978	137.43630483215577	135.4553276507602	133.62001429663968	131.7847009425192	131.33587011643482
5	i	体	ti	0.07000000000000006	0.13000000000000012	147.16066398686178	145.21480367700048	150.2337053602604	0.7440110251171156	0	79.59244065172729	75.46903007293218	81.58279775271444	150.2337053602604	149.54337828098897	148.82787406210807	147.8263484644197	146.82482286673135	146.11799233642003	145.6948953974461	145.27179845847212	145.95817512514142	146.71782704937075
6	w>	活	hw>	0.14000000000000012	0.29000000000000004	130.2747142764599	124.08158000131552	144.00720551904877	0.8360022173669435	0	77.04092515894438	66.73577652700158	80.74890155602141	144.00720551904877	137.55937622704613	134.32245015593506	131.979543467773	129.9192033961255	127.98069708958447	126.6251276929499	124.82283965816474	124.84174894576422	125.80340288093927
7	oN	动	doN	0.14000000000000012	0.17999999999999994	107.51328374211317	103.40078817998274	117.72059359373273	0.3108817445948293	0	75.34097286497195	71.01808135488173	76.99129441679747	117.72059359373273	110.99934195768473	105.46510385740619	104.42284414308347	105.26959179389755	106.70154962930542	108.57560310794786	109.07702217132017	106.77983065223093	104.10266605358392
8	oN	从	coN	0.13000000000000012	0.22999999999999998	127.816939379424	124.97998428362158	131.7093807464979	1	0.11481772196058221	73.3346482110765	66.1968737077513	75.20279481425241	--undefined--	131.7093807464979	129.00293395349615	127.67540541287754	127.45001275363184	127.40678267142108	127.15424683796064	126.80738037537891	126.35673629632416	124.97998428362158
9	@y	来	l@y	0.10000000000000009	0.15000000000000036	117.3322042203022	99.40349177790766	122.62622577382608	0.954416780313462	0	80.8781526232444	73.52119323255256	83.27855029479925	122.62622577382608	121.23868749511065	120.49442595791913	120.08654767406524	119.90693844429957	119.78463621393107	119.98055425389715	117.17354571559079	105.66819915632618	104.15530143545239
10	ow	都	dow	0.06999999999999984	0.11999999999999966	125.54681859349607	124.61531721869373	126.9329391480297	0.12785103903382988	0.6178125846939789	77.84847678326085	71.28187300883	81.3607936101184	125.05841469886646	124.7596314334865	125.02652307382922	125.29341471417199	125.8340618830191	126.44521803766797	126.72766412779197	125.86979680189306	125.01192947599424	125.23031688893451
11	u	不	bu	0.04999999999999982	0.08000000000000007	117.88183899048256	107.56376087265191	125.12198703038379	1	0	73.88325040447572	71.60083393242748	75.75796258329606	125.12198703038379	124.455157717349	123.26592362194074	122.07668952653256	120.88745543112432	118.55475722932519	115.13770042166448	111.72064361400358	108.30358680634286	107.56376087265191
12	E	热	zE	0.10999999999999988	0.16999999999999993	102.40331246504435	97.91513562493435	108.29641499531445	1	0	78.01325702605106	75.55984404819056	79.19039598762883	108.29641499531445	106.2039873165984	104.71295953993845	103.44680622410358	102.5059934659067	101.81021518990029	101.35363189421726	99.98751655174893	98.66148636091586	97.91513562493435
13	iN	心	xiN	0.18000000000000016	0.3200000000000003	102.59902872622426	94.24435515298941	115.0752747160959	0.2522896404823145	1	67.71815782223412	64.30351782389815	70.00699651208234	108.16269747687437	102.06113018844773	95.68104128672947	98.22721105859367	100.7494696829785	99.66619246184321	99.61007268656726	105.15661823804768	110.96421043641718	115.0752747160959
14	yEn	连	lyEn	0.1200000000000001	0.16000000000000014	123.91848423154454	115.21083531982991	126.71392341308713	0	0.2435857593817738	76.33128015530761	70.86500153196455	79.76012897322794	115.21083531982991	125.34959217609018	126.63648220588108	126.570535239995	126.25748924300761	125.53418160230784	123.95856273270132	121.0860582361762	120.98056742138604	121.14779198219796
15	yaw	小	xyaw	0.16999999999999993	0.2599999999999998	175.02623321154792	165.16872004879448	183.72770711564291	0.2597288060003407	0.6808396494596821	80.95755765867075	73.86122056779591	83.04171156031194	--undefined--	169.50480151576755	166.72304599802433	168.1424052944525	174.25474828314262	180.32662372896334	183.17838337042855	181.79005007561855	176.65279049929066	170.5456109408086
16	iN	银	yiN	0.17999999999999972	0.20999999999999996	144.28767332378447	121.75453670240701	168.3058279457738	1	0	75.23919326809738	72.16945157825106	77.04852516925756	168.3058279457738	163.61621657600503	158.58857600921695	149.74121570201842	142.7635038816367	138.27726638019257	135.6521696648004	133.68894911120722	130.40190588250928	121.75453670240701
17	ow	都	dow	0.08999999999999986	0.1299999999999999	135.1525601517345	132.38577886204484	136.87639998882344	1	0.5090114122428098	77.96222558378166	74.86296748723052	79.83768500152561	135.92923258389365	134.6943710610179	134.9717330810632	135.55608747751228	136.43851603607848	136.49829173074423	135.759312856997	134.8113576402122	133.66049690152843	132.38577886204484
18	a	拿	na	0.1299999999999999	0.16999999999999993	120.32249265404859	117.03183192960262	128.30677259502042	1	0	82.8583520345952	82.31798790891946	83.64160993651215	128.30677259502042	124.38384347919026	121.28447662882479	119.65161886754385	119.2123571380186	119.42704643346028	119.1878026437803	118.87014063342615	118.53424640259034	117.03183192960262
19	&	了	l&	0.040000000000000036	0.08999999999999986	113.8286674752006	108.05660338162929	119.11988846005993	0.8361607492517235	0	73.95413756688754	69.32248556388382	77.67260986396374	119.11988846005993	118.22308627060973	117.32628408115943	116.42948189170902	114.96745630541218	113.18966973598597	111.41188316656	109.63409659713356	108.44715087115215	110.84251043921311
20	&	个	g&	0.040000000000000036	0.08000000000000007	113.04248552491411	110.4029175830553	115.32823186088852	1	0	77.78423672943258	76.89047857064048	78.73281901508732	115.32823186088852	114.89371836072924	114.45920486056988	114.02469136041049	113.4691382739046	112.84596665108968	112.22279502827485	111.59962340545984	110.98260793234101	110.4029175830553
21	E	篮	lE	0.17999999999999972	0.2400000000000002	106.52658923357002	105.61070846340213	108.70565653493833	0.5207237850822316	0.7547899906414332	78.83628803864579	67.79456521410792	81.36971486248487	107.13833781359882	106.12206042070589	106.20613350587054	106.462614368808	105.99010089360914	105.77587513008386	106.87600231156273	108.18666004227751	106.5507241153056	106.45013008819195
22	I	子	zI	0.2400000000000002	0.3200000000000003	98.53810490405188	83.15249507529346	117.8412814885511	0.714530158198156	0.14552626606198296	67.35354793661621	52.63999761739481	75.21447637830909	--undefined--	117.8412814885511	114.08806077131875	105.52154112376049	97.12188921886627	92.83036001020821	85.79980221058578	87.32553882305253	--undefined--	--undefined--
23	&	这	z&	0.08999999999999986	0.16999999999999993	114.7097689701502	110.92781475525597	118.35219423487574	0.1658478206097278	0.7439519009925072	75.43937261625466	72.69294473569737	76.51290144351728	--undefined--	110.92781475525597	111.28759376465156	111.99670010272294	113.69295366359145	116.3476775446956	117.75462393546448	117.95004112053324	117.16831882907637	115.43784323583075
24	I	次	cI	0.07000000000000028	0.1200000000000001	125.4178665286875	118.11384327423826	131.29347988695798	0	0.32269856918767886	74.84007465736349	66.1073802877948	78.88240577009654	118.11384327423826	124.29334342443609	129.90673768246552	129.08896500334134	128.27119232421717	127.00435636107255	125.30516046925003	123.60596457742726	121.83050218667206	120.05000276995759
25	w>	活	hw>	0.14999999999999947	0.2599999999999998	121.98455861804231	116.95295359768515	124.50059019479916	1	0.5252028147925022	76.14366270687904	71.1949245609131	78.97391213897522	--undefined--	123.62131779950062	121.13280502943498	122.64659823509453	123.95170319091349	124.23440240195134	123.2695232532627	121.03638302314211	117.79272884983567	116.95295359768515
26	oN	动	doN	0.17999999999999972	0.20999999999999996	105.0194646645944	100.15399219318921	113.59529073744089	0.4962475102281978	0	73.30334309399419	63.88078306349761	76.3710816331288	113.59529073744089	110.31935456436028	105.78432270017105	102.53757660667459	100.87214596575183	100.99141796710795	103.89843520685272	106.14406311091888	105.38981311743979	105.40134349315197
27	&n	肯	k&n	0.05999999999999961	0.16999999999999993	156.6497373199834	151.95273320141294	159.47247551958046	1	0.20861208522811914	76.30669725057942	75.1391242999915	78.22026421148819	156.86497321423678	158.72721836393	158.36444808459223	158.00167780525442	157.57042452761544	156.94532198116931	156.32021943472327	155.4073775771268	153.68005538927002	151.95273320141294
28	iN	定	diN	0.08000000000000007	0.11000000000000032	123.73624621058278	113.13297462259867	138.83979682572925	0.8022757560778409	0	74.72677140894658	71.29809097580052	76.43837669220048	138.83979682572925	137.6577030274976	134.87423893098253	128.70019955082617	122.68489744964462	118.75320089321772	114.82150433679081	114.2416370414831	114.39359882338955	116.7768991717712
29	&n	很	h&n	0.09999999999999964	0.1299999999999999	129.32313216148418	121.77240010037293	132.95706092563137	1	0.24268739036087703	73.92376165366402	72.58173189436087	75.44566344006448	129.01641275165315	131.45780363106036	132.66159119512062	131.9155124541971	130.54226835421946	130.4035004289603	129.86554038448458	126.87685955924755	124.11764794496501	121.77240010037293
30	oN	隆	loN	0.20999999999999996	0.2400000000000002	106.60002872931801	101.3813668712168	118.28629740625104	0.9540112980839192	0	74.21841208181728	69.50643114286785	75.49741240117879	118.28629740625104	109.5675504949182	105.35461470890338	104.64264962404981	105.2942511281222	107.08327060146188	108.5818205898956	106.85192511620687	103.1125168501087	102.40256061796323
31	oN	重	zoN	0.1200000000000001	0.17999999999999972	88.95882082282267	76.25576169063541	103.55469064834291	0.5410525321239678	0	64.84855095700505	57.84201100151534	71.56124585632114	103.55469064834291	97.77095647584261	91.57128504292922	--undefined--	--undefined--	76.25576169063541	--undefined--	--undefined--	--undefined--	--undefined--
