interval	rhyme_lab	character_lab	syllable_lab	rhyme_dur	character_dur	f0mean	f0min	f0max	f0min_point	f0max_point	intmean	intmin	intmax	f0_1	f0_2	f0_3	f0_4	f0_5	f0_6	f0_7	f0_8	f0_9	f0_10
1	yaw	小	xyaw	0.14999999999999997	0.24	141.52587831048984	75.33012901226343	161.38753397597137	0.39973544973545005	0.8448088417350547	81.7784087622365	72.83795011849445	85.52858772919141	--undefined--	--undefined--	--undefined--	75.33012901226343	101.7463119647302	154.66893185372032	157.43272150978055	160.5237803807133	160.65534344763051	157.12768983186598
2	iN	银	yiN	0.13	0.17999999999999994	137.1120259994391	114.53730864480946	147.7493644971903	1	0	77.59322120986086	75.37260271899149	80.01439833718354	147.7493644971903	146.42289621561127	144.72715773582345	142.67065914286843	140.1788116062618	137.58877855827512	134.87235559805097	131.65549672405203	124.109439089474	114.53730864480946
3	wey	对	dwey	0.16000000000000003	0.19000000000000006	110.74669427640285	102.57672998241227	135.49065154058005	0.9997519841269847	0	77.32427260596509	68.75325606894786	80.44118179255129	135.49065154058005	115.74714869969371	109.91489561943531	108.71419037431104	109.79668546724376	110.23569800009527	108.86636691259183	107.62402496126438	107.69595556318407	102.57672998241227
4	i	集	ji	0.1299999999999999	0.2699999999999999	118.3744350150408	115.52458365185818	119.9954286200199	0.768925518925521	0.5487356542778129	75.34888739966586	64.27713822911508	77.93815893495899	118.92736151381217	118.62234932836252	118.58673511331102	118.7885931536223	119.22364325356169	119.47341332225773	118.22649686087873	115.52458365185818	--undefined--	--undefined--
5	i	体	ti	0.050000000000000044	0.14000000000000012	127.65503157049461	123.61632681471106	135.8483035385902	1	0	79.12705021354547	77.2280188512041	80.38046439231849	135.8483035385902	133.043225788578	130.23814803856587	127.43307028855355	125.80377431810759	125.8865816407144	125.9693889633212	126.05219628592799	124.97307592016863	123.61632681471106
6	w>	活	hw>	0.10000000000000009	0.20999999999999996	112.4876986872604	102.25043651543646	115.19959763575046	1	0.3250878058877002	77.193500360399	73.89066626061707	79.66020161019232	115.09015848855931	114.96540885105667	114.89047510881187	115.01043513222494	114.75046077495364	113.92899047454694	112.47313299237997	110.60060700621659	106.67751390564496	102.25043651543646
7	oN	动	doN	0.15999999999999992	0.20999999999999996	99.49279945344449	96.1119689878218	109.67590731850653	0.5386136916098033	0	71.30631768153889	66.83620939176849	74.76025633436963	109.67590731850653	105.20285748677321	99.42131575904946	96.94619498523558	97.11613329312104	96.22351949016387	98.02899185006923	99.21226177865512	99.05888165436197	--undefined--
8	oN	从	coN	0.14000000000000012	0.26000000000000023	112.30171790921243	110.48149348961343	113.23857338063551	0.07114512471655392	0.7004207710755441	71.46794204653911	71.08190312862736	72.90416059792159	110.48149348961343	110.94004489423119	112.11650152545093	112.06149547245158	112.48250369123905	112.92865944089085	113.19059960153106	113.15440858777582	112.54365163576038	112.46567209808994
9	@y	来	l@y	0.10000000000000009	0.1499999999999999	107.12144792818945	99.71083782159536	110.25288460720942	1	0	77.8935919961848	72.86423512930206	80.11095679026445	110.25288460720942	109.33301040009286	108.52426008899877	108.15025765181709	107.85693679594216	107.6828533212905	107.24084524372539	106.62286301868464	103.47150124591829	99.71083782159536
10	ow	都	dow	0.08000000000000007	0.14000000000000012	104.69239935186516	99.29113384722424	109.5724178894079	1	0	74.42892862992684	68.89782863747163	78.15371323738815	109.5724178894079	109.3118060786543	109.0511942679007	107.67463521323269	105.93489806143288	104.00205687639024	101.87952942860456	100.18345800973471	99.73682793874116	99.29113384722424
11	u	不	bu	0.050000000000000266	0.10000000000000009	103.51986822563306	98.83828827796098	106.20986146996822	1	0.3436646808632808	72.59490433424318	71.71616665068632	73.42614714179587	102.23150780116022	104.1576243389424	105.6204264538658	105.30985267439875	104.99927889493172	104.68870511546466	103.6014502869195	102.01163713250037	100.4218239780813	98.83828827796098
12	E	热	zE	0.11999999999999966	0.17999999999999972	96.39964694247253	91.29637223983259	99.27186832074698	1	0.1529607831066412	74.84248091519204	72.70901616803955	76.2073795559311	98.51876239707339	99.01799367175933	98.9190066087648	98.22829829426489	97.3424790185485	96.44522423423632	95.53545282801109	94.2181724205078	92.80546706631021	91.29637223983259
13	iN	心	xiN	0.20000000000000018	0.3400000000000003	94.94486637459936	84.3972840467204	101.76203570513204	0.08050391541719153	1	66.38694439232037	63.93432427966864	67.7071761230946	88.02684707078198	85.48037015407549	93.06171418619259	95.74269476444	96.60720262872712	96.51435581641323	95.86864496458449	97.09561964367542	99.23877748473394	101.76203570513204
14	yEn	连	lyEn	0.09999999999999964	0.13999999999999968	105.33143589097199	104.55928591656661	106.06858643912955	0.38442962227060257	0	74.17399323831978	69.88708628853112	76.27861884708601	106.06858643912955	105.6491330483852	105.23016907170278	104.8131198202101	104.79290237492349	105.35915317420684	105.6013909522827	105.63081544424006	105.37426451443854	105.0489743959436
15	yaw	小	xyaw	0.14000000000000012	0.2400000000000002	126.76380724402708	121.60023470457227	129.798319688319	0.14257369614512377	0.7142115600257564	77.33787338847205	71.09332518518256	78.95223709174333	--undefined--	121.60023470457227	123.61864762120275	125.60914498439737	126.70686820753772	128.95729501076556	129.62426914467483	129.56519102939873	128.28185316198946	124.83712143864852
16	iN	银	yiN	0.1299999999999999	0.18999999999999995	110.75857847829384	103.46629979996713	117.44712573794688	1	0	72.7541890140534	71.34794683472369	74.0205651313404	117.44712573794688	116.13399320150265	114.45544809257233	112.71628637541059	111.51913027350943	110.30789335782204	108.95377966306692	107.36777184155139	104.97397295067425	103.46629979996713
17	ow	都	dow	0.10999999999999988	0.1499999999999999	111.1629452898601	107.45476783012704	112.00122318646756	1	0.4713279920228282	76.40863814735216	75.68958600872229	77.45286541480986	111.53620167585133	111.86538595233102	111.6052977595982	111.65876186679452	111.97011810233495	111.80348726702445	111.49278280119589	110.92458929389522	109.44621764638077	107.45476783012704
18	a	拿	na	0.09999999999999964	0.1299999999999999	97.56452032448172	94.08793636558421	102.72379488007228	1	0	79.51316044712878	78.4294393058425	80.85246204999912	102.72379488007228	101.27779709025964	100.34405255378152	99.30406290217847	98.0203344570537	96.67996679935408	95.2837633221659	94.61208829831688	94.24567145531633	94.08793636558421
19	&	了	l&	0.029999999999999805	0.06000000000000005	91.5112763484789	89.65797803637973	92.7773556336259	1	0	72.10377953054005	70.12592617596651	74.05554529539077	92.7773556336259	92.52882253288833	92.28028943215075	92.03175633141318	91.78322323067556	91.53469012993799	91.2826685719252	90.7411050600768	90.19954154822821	89.65797803637973
20	&	个	g&	0.050000000000000266	0.11000000000000032	85.56760268336042	78.48986897729213	92.07274003127	1	0	71.4815728057639	70.59460033968419	72.36663244704641	92.07274003127	90.69892629705923	89.31195881624423	87.87464423635853	86.43732965647284	85.000015076587	83.44533255293139	81.81470606565995	80.18407957838835	78.57203692851897
21	E	篮	lE	0.1200000000000001	0.19999999999999973	81.1056633318913	79.29001952347247	82.05412763987384	1	0	73.59664566308706	68.1424005356115	76.32462789798883	82.05412763987384	81.87279771046154	81.44137221209581	80.7664687814896	81.31697050655994	81.54898758585676	81.46434327395816	80.72785780979603	80.0028820980946	79.29001952347247
22	I	子	zI	0.1299999999999999	0.21999999999999975	85.81344108255992	78.18865090352759	92.38089908062429	0.5381562881562898	0.16097052805989726	66.39818945941848	61.399809369539355	69.6022553434043	90.99209112024307	91.0921315658757	91.41438574472777	85.55865487966541	80.90313837867167	78.18865090352759	--undefined--	--undefined--	--undefined--	--undefined--
23	&	这	z&	0.05999999999999961	0.15000000000000036	98.54704855685533	95.0923010360222	104.4583139322108	0.05283186373286099	0.9363219020226471	71.69304171129652	69.98197833382288	72.70901758799488	95.32382020288729	95.23378786018432	95.42760495757965	95.8985926847178	96.36958041185603	97.85265673824873	100.32400781450148	102.79535889075403	103.7248316531615	103.14870559146152
24	I	次	cI	0.04999999999999982	0.1299999999999999	112.31786907242592	106.79052535488562	115.09250788301662	0.9992063492063465	0.5992063492063536	70.60401323246504	65.52658712878663	73.30544235875902	--undefined--	--undefined--	--undefined--	--undefined--	115.09250788301662	115.09250788301662	113.69237194077215	111.38626568295804	109.08015942514392	106.79052535488562
25	w>	活	hw>	0.10999999999999943	0.2599999999999998	106.67043933667345	96.26390409115888	110.25780465987019	1	0.09054834054833787	73.03876136368874	67.04859906514214	76.25421436890721	110.25780465987019	110.21410721191583	109.97798766858355	109.65177167838921	109.25145269343848	107.52796753955889	105.65857876818707	103.7399551264031	100.39740690551417	96.27853006550241
26	oN	动	doN	0.1299999999999999	0.16999999999999993	96.87843541713521	94.24574793576478	103.20278443225872	0.7689255189255226	0	67.23407179711812	59.2750629036216	70.43934094063995	103.20278443225872	99.79519766571624	97.57562492073049	96.44166338451585	96.46204808937804	95.93236253845272	95.14333740785648	94.24574793576478	--undefined--	--undefined--
27	&n	肯	k&n	0.08000000000000007	0.1900000000000004	130.12862012708584	122.01501430104123	136.23924315403454	0	0.9831412609151537	72.23465494269286	70.92980834272444	73.66587069816478	122.01501430104123	123.84813787403108	125.68126144702117	127.46655765955396	129.23628875477814	131.2361019511454	133.46192499907872	135.24716322732192	135.74156522945736	136.23088805541582
28	iN	定	diN	0.08000000000000007	0.11000000000000032	114.42616056306147	96.28249680622079	132.26579858432086	1	0	71.25449045090332	69.58537454395139	72.48999503795586	132.26579858432086	130.03424399779436	125.69515599031872	121.06721822464314	116.41856671260939	111.75772200236514	107.39075119536992	103.50435065368814	99.68110216671302	96.28249680622079
29	&n	很	h&n	0.11000000000000032	0.21999999999999975	101.63358404725945	98.12320539233531	104.51766764471238	1	0.33970183254367275	69.44617578681284	68.8643263688481	70.39786665068725	--undefined--	102.7640789244709	103.14851940860189	104.196374887472	103.17729148155541	101.51434893519732	100.99253224535606	100.18561114569613	99.04101319185393	98.12320539233531
30	oN	隆	loN	0.22999999999999954	0.2599999999999998	92.6621570767366	86.49314556417283	99.268227790207	0.9938516809412254	0	68.00353290786516	63.582948478539365	70.76628025818793	99.268227790207	92.30047114591726	90.01904599178646	90.15267062063764	91.16641323488827	93.6198613174807	95.65472185678222	96.16989224780043	92.8257164544389	87.48322210394721
31	oN	重	zoN	0.15000000000000036	0.20000000000000018	86.53944962501424	83.80191583967269	92.01995960878958	0.13306878306878495	0	61.38470325000226	56.855573386054544	65.28034369515184	92.01995960878958	85.15797475187277	--undefined--	--undefined--	--undefined--	--undefined--	--undefined--	--undefined--	--undefined--	--undefined--
