interval	rhyme_lab	character_lab	syllable_lab	rhyme_dur	character_dur	f0mean	f0min	f0max	f0min_point	f0max_point	intmean	intmin	intmax	f0_1	f0_2	f0_3	f0_4	f0_5	f0_6	f0_7	f0_8	f0_9	f0_10
1	yaw	小	xyaw	0.15999999999999998	0.3	151.51530317895643	143.43579651553262	162.78762665198207	1	0.049142573696145046	82.67165942545147	71.72855127237733	85.76761493107317	162.78762665198207	155.69091423945852	148.6401824449038	149.43610070085052	151.12474374353874	152.68561489785188	154.05569514179638	151.55406841523802	147.33931638670492	143.43579651553262
2	iN	英	yiN	0.10999999999999993	0.15999999999999992	140.00301731415055	133.90499683956514	146.14248074784183	0	0.7338083554781322	75.55662059471048	73.8415122490326	78.56711799961535	133.90499683956514	135.16321867349907	136.26069605948624	137.22041226915377	139.76889964090196	142.46623088893844	145.09860872627803	145.15347974029254	143.69071777579802	135.56727965559057
3	ow	手	sow	0.1100000000000001	0.22000000000000008	122.6100128896203	70.4092738024626	164.31768948680198	0.25433856156552964	0.6028977607609085	77.10578667818527	72.57231415483494	79.11814732585175	--undefined--	80.31145793225618	80.16565990994941	79.89491009419282	122.31445857310626	155.81435674101624	151.87800575832674	148.6484942188709	145.83516891017686	136.90125330869543
4	oN	工	goN	0.12	0.17999999999999994	133.70458613807173	125.8749597869525	137.71547770705695	1	0.6637375121684729	75.18370567674381	71.77652103781917	77.72699676664843	132.9357775835587	132.56077994220902	131.6467960536552	133.0977819156839	134.7935950525795	136.50630312929948	136.98934365702263	135.68836860377033	131.9973995373269	125.8749597869525
5	aw	好	haw	0.11999999999999988	0.18999999999999995	133.43928914962783	117.04628613193768	138.28685710228402	0.6500589932017322	0.3163247104984874	74.13945458494753	59.278962667570866	82.9299135617636	138.18148319541595	137.15811664450962	137.4603488292597	138.13206582172077	137.16657617597667	128.1266076636634	119.1020326279132	131.92094013027423	136.27566253435018	--undefined--
6	w>	矬	cw>	0.15999999999999992	0.32000000000000006	103.66447761564267	96.71899583226987	117.80198723263213	1	0	71.82366727382927	64.27369533719515	74.78457214726616	117.80198723263213	108.51816099422349	105.99892626129693	105.42015023988917	104.17990777291251	102.05417233681035	100.47859748924508	99.96553875638517	99.13667236459314	96.95005857041873
7	a	嘛	ma	0.1499999999999999	0.24	81.52308139340658	76.03955688474556	88.79070785016522	0.18575207860922197	0	62.23353665730904	45.61685384296176	75.00908146708771	88.79070785016522	82.36806390461464	76.03955688474556	--undefined--	--undefined--	--undefined--	--undefined--	--undefined--	--undefined--	--undefined--
8	yEn	连	lyEn	0.10000000000000009	0.14000000000000012	102.34957673132698	100.46883089177847	105.93081161723924	0.2722791995926064	0	73.82974103572545	69.73161099517698	76.54580371078241	105.93081161723924	102.91557427605201	101.12214177090375	101.22099737982855	101.56088830986813	102.0666597063769	102.54102142613866	103.00715150492422	102.8318478231084	102.68626797781778
9	yaw	小	xyaw	0.15000000000000036	0.25	134.3175851503191	126.84796981236497	140.08513486427267	1	0.7204421449569096	80.30298894976411	71.14210558275117	82.60552944381298	--undefined--	--undefined--	--undefined--	128.58004628120548	131.94837907161002	136.97168358148332	138.94586195254428	139.02071971906267	132.26688722892393	126.84796981236497
10	iN	英	yiN	0.1499999999999999	0.18999999999999995	121.03477670510738	110.21524572744778	134.18101638944154	0.23472099984695732	0.8859633337108891	75.09813980972713	73.7290208840939	77.0067767443738	112.4316092644771	111.09326932124611	110.37998837346836	111.30393523724437	117.31518074855933	122.87469760040591	127.94652158395844	131.91599368288186	133.68236216630538	133.06438606166833
11	ow	都	dow	0.08000000000000007	0.1200000000000001	133.98202271201288	130.4935226675118	135.31803493770494	1	0.6138872849641536	79.224161889926	77.57488101698235	80.22008260607409	134.78964222894956	134.448418834084	134.10719543921846	134.32634951524201	134.5509161231801	134.70125425490497	134.82557086223815	133.9729532173444	132.10528945082606	130.4935226675118
12	yE	捏	nyE	0.1200000000000001	0.16999999999999993	112.94005879730445	109.95125904536695	121.20015997625977	0.37006690427624095	0	77.9533551128484	76.69222753839855	79.26553696648264	121.20015997625977	116.89513450619768	111.26086873123792	110.28868259269316	110.41876526856971	111.47276411178866	112.75536186221252	113.54720251633117	113.60129428617498	110.96955942006915
13	&	了	l&	0.040000000000000036	0.06999999999999984	107.45418231013467	106.29029239950619	108.44405050394462	1	0	77.907824503881	77.62655357784568	78.2953231610749	108.44405050394462	108.17030387840359	107.89655725286255	107.62281062732154	107.34906400178046	107.2594134513663	107.17335385170229	107.08729425203829	107.00123465237428	106.29029239950619
14	&	个	g&	0.040000000000000036	0.10000000000000009	90.17696162337378	81.76551227098943	97.92179181594123	0.9396677470500205	0	73.8510777620274	71.93197627988465	75.16559097917946	97.92179181594123	96.41114135060825	94.90049088527526	93.38984041994227	91.87918995460929	89.65253429379044	87.41191234177207	85.1712903897537	82.9306684377353	82.90611646818564
15	%	狮	s%	0.08000000000000007	0.2799999999999998	88.21173312476127	85.72849917457816	90.93145907241707	0.2232851473922879	0.7775307407029135	70.13906241203529	68.2615588638629	71.75556033834096	--undefined--	85.72849917457816	85.72849917457816	86.4382761624995	87.15490869119279	88.48494050977112	90.0300054988776	90.5182078277076	89.90831748350645	89.44506531517513
16	I	子	zI	0.14000000000000012	0.2200000000000002	87.20443990595558	82.43060064017764	91.9782791717335	0.4133057985098788	0.27044865565273596	68.85653942251817	62.74328481362228	71.83137127416077	--undefined--	--undefined--	91.9782791717335	87.77546036234952	82.43060064017764	--undefined--	--undefined--	--undefined--	--undefined--	--undefined--
17	i	你	ni	0.050000000000000266	0.16000000000000014	113.28661710156075	105.49035564805756	117.82279743811888	0.957256235827652	0.41859620663426744	70.90557170086208	69.82675907501715	72.11727756443001	112.64839350975048	114.25335331896594	115.25865285045633	115.83801567508081	116.41737849970528	116.99674132432982	113.85588701297256	110.6572054922481	107.45852397152332	105.49035564805756
18	a	咋	za	0.10999999999999943	0.20999999999999952	96.9981741979294	90.39607823808865	101.24695486590365	1	0.6967544466604187	79.30012567427123	72.60940218140594	82.01387549460271	--undefined--	--undefined--	--undefined--	93.27551286618237	95.99038270110698	98.692754538583	100.54694776446115	99.74278713889099	97.37339089997735	90.39607823808865
19	&	个	g&	0.04999999999999982	0.08999999999999986	87.07954025524337	85.90715143849877	88.67076735790631	0.5572562358276676	0	70.54258097340161	68.92562262130248	71.7544399838294	88.35342583994056	88.38855241719946	87.99775468881982	87.3044243384595	86.61109398809924	85.91776363773897	85.90715143849877	--undefined--	--undefined--	--undefined--
20	a	啥	sa	0.1800000000000006	0.3000000000000007	80.81661338072634	80.81661338072634	80.81661338072634	0.09923784328546352	0.09923784328546352	66.61420776209226	60.10811836674672	76.59863529373585	--undefined--	80.81661338072634	--undefined--	--undefined--	--undefined--	--undefined--	--undefined--	--undefined--	--undefined--	--undefined--
21	I	子	zI	0.05000000000000071	0.1200000000000001	116.23414502925827	111.11499987509836	118.69662600122824	1	0.3687556254178884	73.24881188336744	70.4127973161408	74.61746921170811	117.73366964851157	117.73366964851157	117.76583432489997	117.82084546427281	117.87585660364564	117.93086774301848	116.10163514188555	114.24311377794723	112.3845924140089	111.11499987509836
22	ow	都	dow	0.08999999999999986	0.13999999999999968	122.37585018067215	117.30848726832453	126.75921011982254	0.74037630221138	1	75.12863532992054	67.40462213936017	77.84535611023975	120.13022927076749	121.45526846650326	123.18140236189495	124.51012495842322	124.37675346602964	123.53097078178766	120.06419519809288	118.2868746583007	122.72513540734768	126.00160274406261
23	w>	做	zw>	0.0600000000000005	0.1200000000000001	90.1316002327306	85.9942634426845	93.03032399225117	1	0.2977135298563891	70.09853160544118	67.66348476218974	71.01807284900126	--undefined--	--undefined--	93.03032399225117	92.6587269159493	91.4995805983608	90.34043428077248	89.20592294224679	88.12362207658899	87.04132121093117	86.33599553024014
24	u	不	bu	0.08999999999999986	0.1200000000000001	85.76016363693525	84.84717035729103	86.97542623360494	0.30958679768202707	0	62.55105504602255	52.75356149769122	71.4236994362793	86.71675573347602	86.59213798060486	85.61526622956534	84.84717035729103	--undefined--	--undefined--	--undefined--	--undefined--	--undefined--	--undefined--
25	u	出	cu	0.040000000000000036	0.1899999999999995	95.7912104361565	92.95996631626272	96.86048079436651	1	0.6965702947845813	69.75923933775555	68.74568819402542	70.2120663857835	--undefined--	--undefined--	--undefined--	--undefined--	--undefined--	96.86048079436651	96.86048079436651	95.81657850760607	94.38827241193458	92.95996631626272
26	@y	来	l@y	0.15000000000000036	0.1800000000000006	80.67471135268225	77.69099508822445	85.7329344679033	1	0	70.49084323000532	65.24219308537522	73.4760068185136	85.7329344679033	83.10337015199131	81.0086141725979	80.32977713708716	80.37999610093289	80.47011716109671	80.17420344793334	79.38382093926515	79.45648672354245	77.69099508822445
27	ey	喃	ley	0.10999999999999943	0.14999999999999947	76.0347605204735	75.26954717530292	77.08073406119607	0.9805710162853002	0	67.14990458573152	61.30639391222304	70.06043462438932	77.08073406119607	76.58683843437528	75.92949943078028	75.74565183376376	--undefined--	--undefined--	--undefined--	--undefined--	--undefined--	75.26954717530292
