interval	rhyme_lab	character_lab	syllable_lab	rhyme_dur	character_dur	f0mean	f0min	f0max	f0min_point	f0max_point	intmean	intmin	intmax	f0_1	f0_2	f0_3	f0_4	f0_5	f0_6	f0_7	f0_8	f0_9	f0_10
1	yaw	小	xyaw	0.10999999999999999	0.24	138.42115183638302	134.85166562837196	144.23383573479984	0.4883119021016519	0.22031539888682786	78.85142991894253	74.38234499164486	80.40350926587314	--undefined--	--undefined--	144.14561448752968	139.00493856551915	135.87411541590248	136.0114450691431	136.11881314303588	136.473435910189	138.95359736308387	139.73982415778508
2	iN	银	yiN	0.12	0.16999999999999993	117.38774067763882	103.48224768096793	132.39753472122396	0.8686224489795928	0	78.17992528698201	67.63401554096183	81.23220621607963	132.39753472122396	129.30526118888523	126.23265426223016	122.20153477735951	118.31027412329158	114.59976345122728	111.40768643647728	107.24955543652709	103.48224768096793	--undefined--
3	wey	对	dwey	0.14000000000000012	0.17000000000000015	94.08884047616417	87.88078787290709	104.83178042142274	0.8213267852871695	0.10167638483965029	71.04439465903097	64.68003991512775	74.77880230282169	--undefined--	104.31611219796362	98.24317827018756	96.65682573806716	94.59615950333804	91.50656527298615	90.07332622381195	88.44665870944422	88.80874846731079	89.69593090858778
4	i	集	ji	0.1200000000000001	0.25	111.56513191559254	106.02846642559172	115.68334256650107	0.868622448979592	0.03528911564625866	72.71146187705581	66.59084346463517	74.09061314423803	115.68334256650107	114.73342961040395	113.4747667456458	112.81388843200246	112.33241941096816	111.8432145947464	110.9450402640268	108.55284643252314	106.02846642559172	--undefined--
5	i	体	ti	0.030000000000000027	0.10999999999999988	133.05163560863033	130.19595234590014	134.42215520361245	1	0.14115646258503464	74.68791598867625	73.28967625310676	75.79085052767951	134.42215520361245	134.42215520361245	134.14905907767596	133.77474550646227	133.40043193524855	133.0261183640349	132.6518047928212	132.27749122160748	131.3409169487448	130.19595234590014
6	w>	活	hw>	0.09999999999999987	0.19999999999999996	99.55570696683435	90.57299571178324	109.89213183560034	0.9039229676407857	0.14234693877551072	74.95088458882181	68.05766127635833	80.44466256420652	--undefined--	109.89213183560034	107.79314529370454	104.87333434827102	100.77174478498807	96.81986467118772	94.75094771541353	92.87900222521455	91.42778778548424	92.42233871376824
7	oN	动	doN	0.24	0.27	84.9836279600505	78.37842950590354	92.46008283544803	0.18431122448979617	0	63.67416054576099	54.166038943381366	70.8730393322027	92.46008283544803	85.90033362831241	78.37842950590354	--undefined--	--undefined--	--undefined--	--undefined--	--undefined--	--undefined--	--undefined--
8	oN	从	coN	0.20999999999999996	0.3500000000000001	106.62852821392367	103.049359769794	119.23862657761497	0.9316516747568268	0	77.11327637022286	75.22627347858398	78.67140179261467	119.23862657761497	110.87225938323705	106.57820602784723	104.74599596378059	104.40643900368316	105.85247063462238	106.73261492714134	106.05369128736434	103.7859600959001	104.19928470026005
9	@y	来	l@y	0.10000000000000009	0.14000000000000012	100.0107106761065	91.51015426994556	104.3324241228118	1	0	72.82178004417776	68.00960191985838	75.38975865955932	104.3324241228118	103.13625103209897	102.41663505926877	101.8894530014953	101.40111421431047	100.71943627366352	99.74043628109894	97.70036388413843	95.03736332556578	91.51015426994556
10	ow	都	dow	0.07000000000000028	0.1299999999999999	100.78278109783345	91.6157576130862	103.84502478279936	0.9176384839650088	0.3312460136996822	74.76676155656119	67.25991792563	78.07674841073295	103.29168736721662	103.3894139833515	103.60394345109081	103.81847291883012	103.60928332966073	103.34455266048435	101.75851841393576	97.26808026654436	92.77764211915296	91.6157576130862
11	u	不	bu	0.04999999999999982	0.08999999999999986	98.19762669587598	96.15956749683158	99.20880726770481	1	0.28469387755101316	71.25524128872027	69.34319875079329	72.17338420990181	--undefined--	99.20880726770481	99.20880726770481	99.05757345145766	98.7120976008232	98.36662175018876	98.02114589955431	97.43207103830402	96.79581926756777	96.15956749683158
12	E	热	zE	0.10000000000000009	0.16999999999999993	91.94036431849129	86.03590431606013	96.15549256476399	1	0.2659964762506515	71.66381345041236	70.38585263366426	72.74017493171227	92.5391811873378	94.72907029341852	95.54504817395544	95.82374778247348	93.936732192421	91.8991387292986	90.16262694781042	88.57295990079618	87.29695320661799	86.03590431606013
13	iN	心	xiN	0.20000000000000018	0.3900000000000001	85.33194081515825	81.93496043693388	87.47046980514483	0.1417153293441807	0.02117346938775409	64.71931975420777	48.31234732475589	70.15635946268655	87.47046980514483	82.63654142992576	84.34457758668964	84.94904811616155	86.42794394290385	86.5443716586302	85.80324655790956	--undefined--	--undefined--	--undefined--
14	yEn	连	lyEn	0.08999999999999986	0.14000000000000012	115.60609121344498	106.42805332804113	117.74118677769462	0	0.5269174669695005	76.76747329839512	72.49675877541631	79.04429785670976	106.42805332804113	114.13647523957549	114.45171927481424	115.47777732348565	117.02593770060751	117.22048858885886	116.4207953392674	116.09907560553239	116.12843376397507	116.27955561728125
15	yaw	小	xyaw	0.10999999999999988	0.18000000000000016	141.98589753638856	134.9820119067875	151.67875560877988	0.44329749252563194	1	80.12769255064619	75.95358014885748	82.65617609177468	--undefined--	--undefined--	141.1768898690606	137.48272558330945	135.72513426230998	137.11653795707554	141.9287904630275	147.47019863007088	149.337032792363	151.67875560877988
16	iN	银	yiN	0.16000000000000014	0.20000000000000018	133.82308129672145	123.01033571254648	150.62105091678478	1	0	83.1935283142551	80.77023416620926	84.78107621448325	150.62105091678478	145.9534341621559	140.3290268948871	135.64460420559905	133.1447518269257	130.53156465478827	129.25509280674297	127.45795213649474	125.19212262574828	123.01033571254648
17	ow	都	dow	0.0699999999999994	0.10999999999999943	128.77127714662234	128.06282873708642	130.15389091302794	0.5579214041573213	0	81.03396835062341	80.20092366805716	82.03536011595456	130.15389091302794	129.74723190004104	129.32404086540427	128.82003449746588	128.31602812952755	128.21903880293794	128.39521194867865	128.56268180349568	128.41612751282207	128.26957322214844
18	a	拿	na	0.08000000000000007	0.11000000000000032	117.27072026224903	112.45529070652792	124.07211683820408	1	0	83.87113470777219	81.21863381961279	85.1772383548689	124.07211683820408	122.11933080595252	120.27940359888593	118.6097577872588	117.05175062469405	116.13338979903318	115.21502897337214	114.34345502584561	113.47716078990409	112.45529070652792
19	&	了	l&	0.02999999999999936	0.05999999999999961	106.20630876290996	104.20488867885527	108.84370069559266	0.8078231292517118	0	75.5845315179478	74.0346670590077	77.24422343678219	108.84370069559266	108.4546221164147	107.8454436841671	107.1546897819008	106.46393587963452	105.77318197736811	105.08242807510182	104.39167417283565	104.20488867885527	104.20488867885527
20	&	个	g&	0.03000000000000025	0.09000000000000075	99.70010109410939	99.70010109410939	99.70010109410939	1	1	71.95050056525957	71.20183169957	72.60766423009413	--undefined--	--undefined--	--undefined--	--undefined--	--undefined--	--undefined--	--undefined--	--undefined--	99.70010109410939	99.70010109410939
21	E	篮	lE	0.1299999999999999	0.16999999999999993	91.32107907954004	86.37041059193353	96.21247081454013	0.9556514913657738	0.04219279373291178	69.5492472808468	67.97126244144837	71.5956236722708	95.50408819267737	94.89421503652821	93.86275214642272	94.5506883208935	92.28607872729138	90.14213582840455	88.63841536997468	89.03056959686288	87.56160565702314	86.37041059193353
22	I	子	zI	0.23000000000000043	0.33999999999999986	87.90453478977635	80.54622767620266	92.87083594553526	0.5401508429458746	0.1923247559893531	66.57280266103963	55.65145858854567	72.4966768493982	--undefined--	--undefined--	92.41755477980918	90.39769177414533	85.3450697761942	80.54622767620266	--undefined--	--undefined--	--undefined--	--undefined--
23	&	这	z&	0.05000000000000071	0.13000000000000078	95.74002976494079	95.13232744625417	96.59386241341802	0.48469387755102766	0.0846938775510241	71.78237772113182	70.22463236505396	72.73820742822538	96.59386241341802	96.49733813695858	96.09135620163528	95.685374266312	95.27939233098863	95.13232744625417	95.13232744625417	--undefined--	--undefined--	--undefined--
24	I	次	cI	0.03000000000000025	0.1299999999999999	--undefined--	--undefined--	--undefined--	--undefined--	--undefined--	54.54104862103068	53.62439255262725	55.69212973707738	--undefined--	--undefined--	--undefined--	--undefined--	--undefined--	--undefined--	--undefined--	--undefined--	--undefined--	--undefined--
25	w>	活	hw>	0.08999999999999986	0.14999999999999947	104.58533711239001	97.19758900259109	130.23705363500193	0.994050498135767	0.047052154195014136	74.24209828874845	70.4919998727374	76.66314743173794	130.23705363500193	121.76596609993813	107.07275232230346	100.53356165476823	99.9836092008479	99.98543808532031	100.39255768737345	99.6359733117393	98.02463291709617	97.63324807818836
26	oN	动	doN	0.11000000000000032	0.14000000000000057	91.9408694723038	83.47757570592827	103.44710525576596	0.5150632043135095	0.7657699443413736	68.09042347131357	56.849092744912106	71.89957156450265	94.20405180839667	92.20170336560773	90.83084498485482	88.79191750089991	86.93737659945263	85.3826604089043	93.38418076145794	103.44710525576596	--undefined--	--undefined--
27	&n	肯	k&n	0.09999999999999964	0.1999999999999993	151.76834541788335	136.29840572779787	172.9742737480205	0.18477948829670754	0.7423469387755182	73.34928293609377	62.75716579420915	79.37600179072835	143.96678406359166	138.23559361203536	138.2896315652172	140.60602640343123	149.20697280958848	158.3112031026095	167.03339383554015	172.9742737480205	--undefined--	--undefined--
28	iN	定	diN	0.0699999999999994	0.1200000000000001	116.92372017290022	109.60754295261243	121.6241254516954	0.6421433021348939	0.34620991253644356	75.3964684605825	66.80860347681366	79.49661926494781	--undefined--	--undefined--	121.6241254516954	121.6241254516954	117.49750034310824	112.82995735136791	110.88646801786	114.93081691212558	118.97516580639058	121.12804387062374
29	&n	很	h&n	0.08999999999999986	0.1299999999999999	113.28769678852679	105.9119409794259	124.35180734976642	1	0	77.5255188980235	74.97614630245666	78.61106334974033	124.35180734976642	123.33574417334256	120.47081351995654	116.24786516225274	112.86251072040395	110.09238012825415	108.22311424496601	107.01554544871793	106.2875987978488	105.9119409794259
30	oN	隆	loN	0.23000000000000043	0.2600000000000007	88.57708096025078	78.88576312825704	105.82623222088017	0.6361086237732522	0	71.04210975972637	67.25066118661913	76.46389591093254	105.82623222088017	99.19245237366258	93.77050028728341	91.3796823617145	85.86746655822147	80.82300059448109	79.3515730746683	84.67413852895422	85.91027193399134	--undefined--
31	oN	重	coN	0.15000000000000036	0.20999999999999996	418.43588550585685	415.40923140235805	422.68838876238567	0.16156462585034448	0.028231292517008368	64.33192826717699	52.98925753448789	69.61406850010277	422.68838876238567	418.1636744510079	415.40923140235805	--undefined--	--undefined--	--undefined--	--undefined--	--undefined--	--undefined--	--undefined--
