interval	rhyme_lab	character_lab	syllable_lab	rhyme_dur	character_dur	f0mean	f0min	f0max	f0min_point	f0max_point	intmean	intmin	intmax	f0_1	f0_2	f0_3	f0_4	f0_5	f0_6	f0_7	f0_8	f0_9	f0_10
1	yaw	小	xyaw	0.14	0.26	328.46924317421536	316.4386681217549	331.5228801792253	1	0.28476445060806	81.5183155338966	75.17830065001421	82.5697378132458	--undefined--	329.26092687028205	330.6151927482513	330.78598510371563	329.7178927258966	330.4374075888184	330.7040198829348	328.21551611366993	323.2037552906541	316.4386681217549
2	iN	银	yiN	0.17000000000000004	0.20999999999999996	281.4505141166586	233.69415539515046	309.24571782665896	1	0	83.7592733185882	81.97850187637108	86.50948288806123	309.24571782665896	304.83404033701953	301.08622636690546	293.76254160643725	286.626202451028	279.28903629045806	273.0310876381572	267.0839418073229	253.94282001438924	233.69415539515046
3	wey	对	dwey	0.12	0.15000000000000002	221.62748106079005	192.7592070920469	242.9062255203391	0.9990024525694585	0.11177928232091831	81.10517920477287	72.90197759625073	83.15108868684813	239.67835690189023	241.5564068258806	238.48225819167982	231.65105197526853	225.41142490586202	219.9653373276455	214.90286678211217	206.64976982733765	199.18347189289344	193.16144177818603
4	i	集	ji	0.050000000000000044	0.16000000000000003	223.5433126289997	210.44844351655377	230.3999860273255	1	0	80.69709297758347	79.47136600796308	81.60283937218071	230.3999860273255	229.62735830753581	228.6778900125089	227.4115193761024	226.1451487396959	224.87877810328936	221.775652200154	218.0866433922882	214.39763458442252	211.41718735304744
5	i	体	ti	0.039999999999999813	0.07999999999999985	258.0823661059649	257.5279695916219	258.51686560459456	0	0.7390633472204234	80.89739386666811	78.26176350133923	82.35723124120365	257.5279695916219	257.69389623216136	257.8598228727008	258.0257495132402	258.19167615377967	258.24873831066094	258.25863249199017	258.26852667331934	258.2784208546486	258.199646081076
6	w>	活	hw>	0.10999999999999988	0.22999999999999998	221.31386874822488	198.82614663470392	251.8019655233935	1	0	79.34645926016489	76.55704916475379	81.04684912603415	251.8019655233935	240.56533238949135	231.08198344195395	223.8709953621546	220.54064253711516	218.33559397289173	216.9023133907299	211.87791126771654	203.62308174980458	198.82614663470392
7	oN	动	doN	0.22999999999999998	0.29000000000000004	183.806976917098	176.58709649058525	209.3408282500558	0.6614703595553361	0	78.02118806457118	74.91816415647024	80.41773083369598	209.3408282500558	191.74497931666437	182.7507863156323	180.63333058273804	179.92589583600434	177.94572764653643	176.7465738879567	179.3989866592878	187.35831236005444	190.16802269737585
8	oN	从	coN	0.17000000000000015	0.3300000000000003	255.31787273228952	251.29074469150555	260.56425821121456	0.3477057745424535	0	84.82022379187143	79.1907717032199	86.03810821933634	260.56425821121456	258.35663563601867	253.45913504159597	251.51383042783726	252.7877232216146	254.88413432959823	255.69619917580994	256.0208541520571	256.45792586410465	257.2653555782384
9	@y	来	l@y	0.11000000000000032	0.16000000000000014	252.7132931327094	225.96289514761742	261.5538455080612	1	0	82.90958504061551	79.50813138763573	84.05072062840985	261.5538455080612	259.759918971258	258.2955316381185	257.2582467659576	256.89323420714953	256.60186681813076	255.8204197994604	248.7596643134559	236.05029742203482	225.96289514761742
10	ow	都	dow	0.06000000000000005	0.1299999999999999	239.89773485632756	218.12645810542332	257.89368416795713	1	0	77.70026592638007	74.41006943802294	81.10309255680279	257.89368416795713	255.91866324632687	253.94364232469678	251.2973583804704	244.22939994546766	237.16144151046555	230.46273274895066	226.19630732053835	221.92988189212645	218.12645810542332
11	u	不	bu	0.10000000000000009	0.20999999999999996	214.61221035678847	209.61726960718622	219.54691419471277	1	0	80.6323520831414	77.52574086767068	81.58983269297819	219.54691419471277	218.10312919596979	216.83263090312215	215.80584739088803	215.17825753680555	214.30303532966084	213.2478160376912	212.24284311752584	211.25211818622176	209.61726960718622
12	E	热	zE	0.16000000000000014	0.22999999999999998	188.8057730314932	178.65023979246092	208.43429384235168	0.6695694297254717	0	81.82807236461895	80.30752947482713	84.09315158303832	208.43429384235168	203.8085101265313	195.20271287422148	188.88674791943086	185.59711427803424	181.94866676824745	179.3682026852518	180.57428010421614	184.4322298828908	193.15361774325442
13	iN	心	xiN	0.20999999999999996	0.45999999999999996	182.48048504199025	175.79192058727244	211.1793551906856	0.4301263572946151	0.9963796548256527	74.96747989985684	63.73593994787912	77.53723348372257	191.11075943423808	181.77592905572732	177.07815648205457	177.29546423660992	176.05607375361578	177.3936927523879	180.08672854236187	184.0958731892688	189.7172870453881	210.28603755040228
14	yEn	连	lyEn	0.10999999999999988	0.1499999999999999	203.54472972457202	199.51110968048624	210.56731114470605	0.3746180758195594	0	82.7894110680163	81.24509223872278	84.7857552935821	210.56731114470605	205.00046050772912	201.2390336186281	199.8175435784775	200.27581854149216	201.56200433607972	204.67640761087205	206.04886908563813	205.85435031562298	205.09624723527924
15	yaw	小	xyaw	0.15000000000000036	0.29000000000000004	289.49325225591167	272.3266523525882	294.22035495098135	1	0.6648981158122054	80.50623379050782	77.06516705525816	82.10927068006549	288.01682269465635	288.8386444905201	290.05998902646667	289.6409718585897	291.30451609908124	292.97305398839944	293.63189279162333	291.964451952234	285.59258908291713	272.3266523525882
16	iN	银	yiN	0.28000000000000025	0.33999999999999986	231.90447390092697	198.18987151484612	279.0262247641495	1	0	85.07944844384002	78.39044812169698	87.04096938139448	279.0262247641495	268.82568207984644	254.4122592089214	237.37432700528126	224.1415380097763	219.2787002146968	216.5645789952627	215.84937058500753	210.76807046477688	198.65693301290796
17	ow	都	dow	0.09999999999999964	0.16999999999999993	231.33971015981072	228.5661129680387	234.40352233973624	0.14505546163359692	0.47230222074634287	80.55534471443734	78.01411078594565	82.38677022709442	233.03709827622552	229.24994393471303	230.73102710375127	232.22409193284997	233.73678217284197	233.0889564601122	230.8707116628052	229.94784855670167	229.39230717442996	233.0092858801824
18	a	拿	na	0.16999999999999993	0.20000000000000018	212.28645762726802	202.85627580530456	236.2034125425025	0.6720003003028555	0	77.29253812070657	75.93205958777568	79.81197458392347	236.2034125425025	229.91543156370483	217.81205579480377	211.6610900758144	208.01332658137045	204.28009085890255	203.02964212795595	203.7196385800624	208.5114420302248	212.82361493816424
19	&	了	l&	0.0600000000000005	0.11000000000000032	201.59645982530944	192.45382941784456	211.33017539810163	1	0	80.09707541805423	78.4833674031196	81.13897981598059	211.33017539810163	208.77920016643338	206.2282249347651	203.80152189520396	202.19341181139316	200.58530172758253	198.92256204756524	196.89997193060105	194.87738181363667	193.13263587460204
20	&	个	g&	0.05999999999999961	0.10999999999999943	185.78545415391608	179.72014990746501	192.89898254117597	0.953488875554456	0	77.82096513235891	76.74151374051469	78.62355062800903	192.89898254117597	190.97804887936294	189.48535746513613	188.24223387487308	186.99911028461	185.22394988885384	183.13873305059687	181.05351621233987	180.42500482462285	180.64542137779935
21	E	篮	lE	0.20000000000000018	0.2600000000000007	171.64301693706028	168.2194773468693	178.81501722705255	0.31610096393781956	0	74.86416768186913	73.38967612370716	77.9782563863686	178.81501722705255	174.38506331135653	169.92587464017282	168.45154072334856	171.02166493741086	169.87466614016486	170.56518949099276	171.99751393544554	172.61468880982622	174.6985120790758
22	I	子	zI	0.1299999999999999	0.2699999999999996	77.76574058930453	76.7268807946402	78.80460038396888	0.3778562707134113	0.531702424559562	69.93531936686075	66.12885762017592	72.0556751345171	--undefined--	--undefined--	--undefined--	76.7268807946402	77.62616588900109	78.80460038396888	--undefined--	--undefined--	--undefined--	--undefined--
23	ey	这	zey	0.07999999999999918	0.14999999999999947	149.52966643241214	139.51676441024466	164.7204588536113	0.11401643990929361	1	72.70786272003365	69.0305564860422	74.98098990459458	139.51676441024466	139.51676441024466	142.06505240246995	144.6817620107269	147.1941503213142	149.66674028662294	152.88248535310618	156.92340263825642	160.91223175113677	164.7204588536113
24	I	次	cI	0.03000000000000025	0.17000000000000082	--undefined--	--undefined--	--undefined--	--undefined--	--undefined--	61.94667857456704	60.808985605298254	63.45231463700352	--undefined--	--undefined--	--undefined--	--undefined--	--undefined--	--undefined--	--undefined--	--undefined--	--undefined--	--undefined--
25	w>	活	hw>	0.08999999999999986	0.17999999999999972	175.9722461314375	159.36246514199146	193.95614736930182	0.990236835474929	0	76.51172192590306	71.4511043361611	78.75955579781049	193.95614736930182	185.94362735890704	181.66105242986302	177.6020064664989	175.86333537912665	174.23382662544486	173.73749332278112	172.67310609422833	165.71195262854607	159.36246514199146
26	oN	动	doN	0.23000000000000043	0.29000000000000004	162.05109569307513	151.77645505220116	200.74671383044628	0.28824875025113134	0.8657448486641018	67.54884576098385	52.02780322597392	75.03736550258321	190.86923819635524	162.25707674189212	154.44645254823777	153.00735440332036	152.38181446832343	154.76431160595303	157.60386032765416	158.35531815538044	200.74671383044628	--undefined--
27	&n	肯	k&n	0.20999999999999996	0.3700000000000001	308.9795438176358	248.25566023300263	349.8956297555698	0	0.8053918168904943	75.61546236809922	64.21028054111096	81.94853529478756	248.25566023300263	264.74584494211194	274.9912715663128	291.0156319327194	307.515050975888	322.7678820317164	339.070614530956	347.7608367723977	343.4385247282725	324.71368179312884
28	iN	定	diN	0.11000000000000032	0.16000000000000014	196.3942075174271	162.28602123661906	247.1664175383178	1	0.0829210472067579	80.16060498352624	72.36037709658069	84.81635208692272	247.1664175383178	242.2550007607397	222.89665602132587	206.5723664546066	192.12868959823606	181.57986302359856	174.4561737379359	173.70265031938595	168.67477458474357	162.28602123661906
29	&n	很	h&n	0.17999999999999972	0.21999999999999975	184.07988799796698	169.9285775294517	189.87225878796315	0	0.34800149547427844	77.73449206437388	65.45330395631078	81.96728948748036	169.9285775294517	181.82449451631442	186.11770210552757	189.70365567508296	187.95772415009483	188.0186516022645	183.6463096481282	182.42206049152645	181.88510679361008	179.90198206410267
30	oN	隆	loN	0.20999999999999908	0.23999999999999932	152.70531094253366	145.3252918582496	175.75236648262302	0.5286752400005674	0	70.4908280180102	62.54594437791924	78.43888064588683	175.75236648262302	164.57627734708177	156.41816909726913	151.69639411934511	146.8613793101101	145.83480596797483	147.79570050952321	148.97128033767441	149.1269727837184	--undefined--
31	oN	重	zoN	0.05999999999999872	0.1399999999999988	--undefined--	--undefined--	--undefined--	--undefined--	--undefined--	64.01580357441242	60.01310817301232	67.98057213365692	--undefined--	--undefined--	--undefined--	--undefined--	--undefined--	--undefined--	--undefined--	--undefined--	--undefined--	--undefined--
