interval	rhyme_lab	character_lab	syllable_lab	rhyme_dur	character_dur	f0mean	f0min	f0max	f0min_point	f0max_point	intmean	intmin	intmax	f0_1	f0_2	f0_3	f0_4	f0_5	f0_6	f0_7	f0_8	f0_9	f0_10
1	yaw	小	xyaw	0.12	0.22	272.27500245652215	264.9043065332293	282.996512733568	0.32078408523936086	0.8157985445292292	79.93966901553489	66.53330277219327	82.79858453852285	--undefined--	--undefined--	266.48453686875746	265.5135382942497	267.6852324389314	271.6513877175662	276.9770015527341	280.20496479548035	280.2377927674483	270.0404769354788
2	iN	映	yiN	0.2599999999999999	0.2899999999999999	183.71072187247773	156.23009670173766	250.77294773554036	0.554189103500149	0	77.85425529339287	72.79759411754893	85.01789682019665	250.77294773554036	229.05021097624788	204.95586213476642	178.63316375714973	169.0255958472086	157.75966730687696	160.59289543002666	168.06290316099694	175.0487619107815	178.23686055105946
3	wey	嘴	zwey	0.08999999999999997	0.17000000000000004	231.80482211161635	211.88648291065056	239.50035261603327	0.8710852143922818	0.3595085580879535	74.89961330547223	69.65709787167899	78.60396203513226	--undefined--	238.77225255208734	238.97681053687296	239.33657153902834	239.1875901158661	238.65261369203913	231.0947945439648	218.20857727709495	215.7274010312865	221.14077734482728
4	a	巴	ba	0.09000000000000008	0.14	237.23599824300717	227.80747796998284	245.32809292429445	1	0	78.57264411007596	77.92202207037845	79.33491180495795	245.32809292429445	241.60591512355666	238.74192623006977	236.5290657098809	236.2270615407085	237.37486961792035	237.51704065424187	236.89621090480313	233.43092338295716	227.80747796998284
5	&n	笨	b&n	0.21999999999999997	0.30000000000000004	149.13184169247685	87.2589689036272	216.4358323390061	0.5650639043496175	0	65.92630432124442	60.74353333870325	79.15181858441798	216.4358323390061	--undefined--	--undefined--	--undefined--	--undefined--	87.2589689036272	131.4032263425269	155.8198340601352	167.92050289373464	--undefined--
6	ey	得	dey	0.1200000000000001	0.16999999999999993	193.7479711693163	187.07446923780074	207.38350308422085	0.6889451152520296	0	75.97267368910107	69.81430949363688	79.10900863932547	207.38350308422085	192.52082967313183	190.8951867853549	192.41842958092454	196.7633311615315	191.43848735191708	188.17624737010928	188.7206966853758	197.90621492701956	203.90379613320184
7	&n	很	h&n	0.20999999999999996	0.29000000000000004	181.77972895526042	156.01339637187652	213.31157076178755	0.5033001221386677	0.6422242690978321	70.21283744835222	52.15843523040551	81.82085968476804	207.40362262883426	195.81887021449262	182.79211921356585	173.76609308829322	165.4244115585618	167.33305726194234	200.02326409278348	166.66561622330246	--undefined--	--undefined--
8	yEn	连	lyEn	0.09999999999999964	0.13999999999999968	229.40660528171009	217.0599276843051	240.75554142660823	0.9175826060834235	0.09019693457719168	81.86469032359581	79.89837646533175	82.83035509434221	239.37576005931302	239.88415486268772	238.79484179638834	236.52984456897414	233.94898541539294	227.731117013917	222.20101298666208	219.2313811477712	217.66359099879782	218.09867999291572
9	yaw	小	xyaw	0.1200000000000001	0.23000000000000043	299.30442891975014	284.571393015533	311.90145374372776	0	0.8006946355788869	81.51919463299146	78.43925606010379	82.69133064452716	284.571393015533	291.4172926456754	292.019983132904	293.4198835497116	296.5586686841218	300.93312208242463	305.871566835338	311.4366125923547	308.2403671739924	301.44264677004645
10	iN	映	yiN	0.3999999999999999	0.4299999999999997	154.0930297768807	68.63364963297168	272.2163238286387	0.584944607077419	0	74.68270037687599	61.00847955686352	84.71264283976492	272.2163238286387	228.55172121836318	195.91727342242953	168.61697663959308	155.33035215978893	86.36562308132659	83.5352631028106	86.71805217515322	141.85346896744534	--undefined--
11	ow	都	dow	0.05999999999999961	0.1299999999999999	234.67619349288353	228.64114622404682	240.23729890023324	0.17100683799264252	1	78.99536395316076	78.10565376384476	80.75378881065228	231.33366977048334	230.19003825292313	229.046406735363	231.1834196151997	233.88628641402835	236.5891532128572	237.68856359764985	238.51140572757916	239.3342478575084	240.23729890023324
12	@y	卖	m@y	0.10000000000000009	0.1900000000000004	98.31407555097354	76.11084913781755	205.42647294359884	0.9223048371151058	0	71.78993450480057	68.62994450880831	78.68643860789847	205.42647294359884	162.6751846278047	99.33332931020466	85.52888467925561	83.20849353437438	80.45534637308143	78.0499409724398	76.93914043976413	76.33888274534422	76.46806234027828
13	&	了	l&	0.029999999999999805	0.05999999999999961	157.35581397899227	106.65539357852256	176.38329218717075	0	1	73.26007590074597	71.95754798758385	74.44702416367004	106.65539357852256	121.77865668384635	136.90191978916752	152.02518289448872	167.14844599980992	172.31568822483183	173.33258921541653	174.3494902060012	175.36639119658588	176.38329218717075
14	waN	双	swaN	0.0900000000000003	0.1900000000000004	201.00544085121268	191.63860097459334	223.6598094501164	0.7037820178304024	0.04793398841017454	78.77808540769617	74.05288610224171	80.58489801466264	223.6598094501164	218.26718804167348	208.7830562724884	201.86928167007918	196.90569829789536	193.8780569337992	192.319260901861	192.72432605273454	194.61941947890128	195.90932605195553
15	a	袜	wa	0.20000000000000018	0.25	174.9565108047349	161.9248996343795	196.23648947675946	0.6728507085270835	0	73.98793507187636	71.57616971930385	79.18902161772168	196.23648947675946	191.566288796808	185.43550408856856	179.9755495169019	173.43185142539593	165.34366667980115	162.49774416030684	164.99422123218906	167.53052377275432	174.12261427990487
16	I	子	zI	0.1800000000000006	0.33000000000000007	123.94151925878951	77.48272456591158	197.28660152440048	0.5197276845821652	0.7908612606395784	69.65098795986859	62.25859683454638	75.43046380103999	--undefined--	--undefined--	--undefined--	84.53546536974531	80.03405547651077	78.6666416646552	111.80923959641888	184.49961723423417	180.78447337130683	192.19851873938296
17	i	你	ni	0.08999999999999986	0.1200000000000001	330.52137152705563	327.5640594733348	334.9879244499212	0.3812673217435114	1	72.11970947526265	48.655879394774786	82.21925114063495	--undefined--	--undefined--	--undefined--	327.5640594733348	328.88528901348246	331.20896688867725	331.57661619508974	330.4601800171122	331.79437580123465	334.9879244499212
18	a	咋	za	0.08000000000000007	0.16000000000000014	277.8163534703244	236.39162692803572	329.08669926118404	1	0	80.60851680247686	79.0231485966552	81.75458009875294	329.08669926118404	318.49531364804704	300.7113501331267	285.7405039213574	278.5853787952058	271.40726777290695	262.68510416154646	253.96294055018714	245.1857510288456	236.39162692803572
19	&	个	g&	0.03000000000000025	0.0600000000000005	223.70140187395097	214.73749335708166	227.5074052582517	1	0	80.82396826041646	80.6283630829908	81.15604819816141	227.5074052582517	227.2896541652308	227.07190307220984	226.85415197918894	226.636400886168	224.7973223242084	222.2823650824265	219.76740784064503	217.25245059886313	214.73749335708166
20	a	啥	sa	0.20999999999999996	0.3199999999999994	180.70777313054828	162.5671267131781	209.42620843278254	0.9253050426519817	0	62.416642464691876	54.927172390418605	75.28480468085725	209.42620843278254	191.1038479690965	--undefined--	--undefined--	--undefined--	--undefined--	--undefined--	--undefined--	162.5671267131781	173.02937741731236
21	I	子	zI	0.0600000000000005	0.14000000000000057	242.46834696146988	235.197007265533	248.8823545608317	1	0.24589699844404492	77.65847063512179	74.64235966268133	79.29839222323407	247.2887776666078	247.3190320348799	247.40476489533285	247.49049775578578	246.20028451229877	242.38695082279446	238.57361713328888	235.96964641751546	235.58332684152418	235.197007265533
22	ow	都	dow	0.0600000000000005	0.08999999999999986	272.1467685944232	266.66983681614545	276.64229131937833	1	0.19948096976817525	87.30743876087097	84.1827205321519	89.80818857182797	274.1810411995277	275.29928485281084	276.41752850609413	275.043897208508	273.2404609592765	271.4370247100456	270.21850461160085	269.10087234375067	267.98324007590026	266.66983681614545
23	ey	没	mey	0.08999999999999986	0.13999999999999968	289.02361804384896	273.00431278391716	299.42314427400646	0	0.7028923715850917	84.60801321397255	83.04348275873824	88.44234720442898	273.00431278391716	278.4754495047204	283.60574980425383	287.397336706079	290.1732098535114	293.6529318316416	297.666680689294	296.578419671701	291.61914218844373	289.745348270168
24	@y	卖	m@y	0.1299999999999999	0.21999999999999975	156.19037699468853	129.02651949053205	242.4216929439083	0.5035336914528283	0	73.8119766473746	67.6029586345251	81.20768432224837	242.4216929439083	--undefined--	--undefined--	138.4617572116023	132.12872215462772	132.00950817640052	138.88135862902135	153.3287603318272	160.68311756643627	163.91706329107964
25	u	出	cu	0.03000000000000025	0.14000000000000057	--undefined--	--undefined--	--undefined--	--undefined--	--undefined--	61.93721465036479	61.33373055472241	62.192683204294575	--undefined--	--undefined--	--undefined--	--undefined--	--undefined--	--undefined--	--undefined--	--undefined--	--undefined--	--undefined--
26	U	去	qU	0.1999999999999993	0.39999999999999947	139.65659094331792	78.57981314906463	186.048111211127	0.8715702947845814	0.0715702947845778	69.93610128484373	61.67442950888414	74.21862423310692	--undefined--	177.41452030812422	158.14482227533193	148.31778588167253	143.92754700921336	147.58278769434673	--undefined--	--undefined--	80.10688076618355	87.39731650945065
