interval	rhyme_lab	character_lab	syllable_lab	rhyme_dur	character_dur	f0mean	f0min	f0max	f0min_point	f0max_point	intmean	intmin	intmax	f0_1	f0_2	f0_3	f0_4	f0_5	f0_6	f0_7	f0_8	f0_9	f0_10
1	yaw	小	xyaw	0.15999999999999992	0.28999999999999987	233.85655340793423	216.5354461215792	253.58517747519025	1	0.018955498866211905	78.87501678007091	74.32652217111198	81.36336514860182	253.58517747519025	246.14354983942542	236.99750314803418	232.96454101503625	233.27894149714848	233.66897394249807	232.1091503210146	228.10329405014775	226.39769358260668	216.5354461215792
2	iN	英	yiN	0.10999999999999999	0.15000000000000002	208.6078263011067	196.73733700300482	222.51693753268827	0.055296243827549704	0.8665966972857386	80.17282832286858	77.76759376420473	81.40296973933741	197.60871545085726	198.0872786580564	199.8576680318344	202.36916243611017	205.89597244225277	210.5265572992147	214.9003319522912	218.6535913812042	220.2052289887988	214.04134282996867
3	ow	手	sow	0.06000000000000005	0.19000000000000006	244.62814839286696	211.84596781187398	268.5095216199244	1	0	76.54050968017832	70.77293547976195	80.72393459275794	267.7560599717528	266.57387717352657	264.1034689656893	261.633060757852	254.25385832202616	242.77761234177999	231.30136636153355	223.0319063985549	217.43893710521442	211.84596781187398
4	oN	工	goN	0.1200000000000001	0.18000000000000005	227.35861861367007	194.64898514545044	239.1264890109311	1	0.025273998488282504	76.1298942750845	73.22045397925514	77.7409096325576	239.1264890109311	236.6951310631928	233.712017807569	231.16703025427302	230.81000638683764	231.03745865177348	231.10541974532117	222.7785389013365	210.58088841872654	194.64898514545044
5	aw	好	haw	0.29000000000000004	0.4099999999999999	312.60051374644877	254.57895836786275	359.6678477144613	0.02746222770553635	0.8464565373382918	80.55916984956443	77.3436504763568	83.42455375186996	255.05592692108723	258.2066997466213	272.53247668394863	295.55752731021636	310.46321994181096	329.13043304848316	345.46829724544085	354.21406619941166	356.83549567705046	326.9763275246699
6	a	差	ca	0.10000000000000009	0.28	193.65857638968595	188.84201341358997	203.6868041129415	0.3735727768651539	0	79.11422795213505	77.79493361245852	79.85880944596171	203.6868041129415	195.7656170511492	191.92454396402093	189.04954983771918	190.23337297860257	191.6133806076246	193.6612972243546	195.0755868820235	195.63974144408223	197.2270224607007
7	a	嘛	ma	0.1399999999999999	0.22999999999999998	156.3060726634909	145.93720119709465	182.989158799582	0.7359491415613846	0	70.44779877480468	58.366896714700786	77.67590107727806	182.989158799582	170.59766190015617	159.12875380000514	151.2728087558483	--undefined--	--undefined--	145.93720119709465	146.36055378063583	147.3830752675044	--undefined--
8	yEn	连	lyEn	0.1299999999999999	0.17999999999999972	235.8321481090981	217.00398819109304	243.22297269643636	1	0.14384534471924784	78.28125145224784	74.51433208734025	79.54928313319456	237.47555282337152	242.64433116101299	241.01106427058556	238.86570589098585	237.44592614524962	237.9305260526852	237.1027197518179	233.0875361883256	226.15326993785766	217.00398819109304
9	yaw	小	xyaw	0.1299999999999999	0.20000000000000018	300.43041847767586	284.5247739786967	305.4450280123726	1	0.21084055485920253	83.05516958336628	76.75493354913826	84.65082127783778	--undefined--	302.93779732958683	304.5690134603904	300.88428114881464	297.15327971338564	297.6995699347548	302.2489144218191	303.6552305722787	299.92685771776763	284.5247739786967
10	iN	英	yiN	0.27	0.31999999999999984	308.4390987260029	207.66664214299874	432.5706033875871	0.11125128767709312	0.8373302762485325	81.78562816339834	73.41289981420127	86.11754595722792	220.21764465725403	208.47630309729158	221.14877407421415	248.23770649020628	280.1166490787457	311.06622494414705	354.2355543208804	421.6032897582325	424.11110357753785	395.9319799667297
11	ow	都	dow	0.06000000000000005	0.11000000000000032	339.0334447709243	298.77127747718833	377.2595797170251	1	0	81.34652108257525	80.96802195560926	81.82780275924893	377.2595797170251	369.20391630271496	361.1106253841429	352.22005734694983	343.32948930975675	334.4611568186833	326.063966182165	317.6667755456467	309.1789753158357	298.77127747718833
12	yE	捏	nyE	0.10000000000000009	0.1499999999999999	248.00162929765247	245.2795592034138	250.89266850275072	1	0	83.46842587338679	79.91651355760084	86.35593604581723	250.89266850275072	248.67911581137358	249.48862554496037	249.58596772320942	249.51549808293612	248.67704774986757	247.62207454270782	246.12155738714506	245.36620706071642	245.2795592034138
13	&	了	l&	0.04999999999999982	0.08999999999999986	229.24432281017306	206.45338858185806	245.27176970821037	1	0	78.99074382321862	72.71723228314292	83.37730833189345	244.16641740533478	243.02256893333643	240.15027786001193	237.27798678668714	234.40569571336266	229.13526433041062	223.45511483004358	217.77496532967652	212.10266110268248	206.45338858185806
14	&	个	g&	0.040000000000000036	0.06999999999999984	178.4913818785204	165.45034361779065	184.59325260573928	1	0	79.90880161007088	78.07466351286321	81.62958212536293	184.59325260573928	182.91905439642582	182.49203829920046	182.06502220197513	181.6380061047497	181.2109900075244	177.774383177745	173.66636999109338	169.55835680444176	165.45034361779065
15	%	狮	s%	0.1299999999999999	0.28000000000000025	178.81178235671555	163.15200069101385	194.06256683986393	0.25013620210857107	0.8847344607507936	73.18829339884128	64.7319693261659	76.54173795513746	--undefined--	169.38023314526868	164.54412434824894	166.9799871301877	173.0586665871499	180.6034887858201	187.0856811498823	191.5764923677886	193.68162538679113	191.69359707152458
16	I	子	zI	0.16999999999999993	0.2999999999999998	157.65280655287955	77.06044733869491	199.61889671912883	0.7825463518740828	0.07666399893290278	69.84608249828227	61.61990447003393	74.50960735006885	--undefined--	196.3728720113774	185.50260819999747	173.9259990602055	163.9218573837727	151.3765576663374	144.05680493349772	79.81741975194804	--undefined--	--undefined--
17	i	你	ni	0.05999999999999961	0.1200000000000001	275.5863107993583	266.13877631775455	286.43601833319934	0	0.3845504970505238	76.69248752926146	71.32077563001826	79.978954362847	266.13877631775455	272.22330168419137	278.01272766067393	283.80215363715604	283.3055560098275	277.5624332217525	271.8193104336774	269.206580253729	--undefined--	--undefined--
18	a	咋	za	0.08999999999999986	0.15000000000000036	219.90631283669882	180.45562430544106	267.8523584866259	1	0	78.72145236373754	68.705616390143	83.06776692280067	267.8523584866259	256.7828401116364	246.77987996548967	235.43187175305738	223.49834627824794	212.62600945756955	202.21562213238255	193.22772884349942	184.85906607489565	182.5424851674293
19	&	个	g&	0.040000000000000036	0.08000000000000007	172.9473697938522	163.31742928600286	179.24279344709186	1	0.3258219954648475	78.38179402297827	77.19030259035944	79.9078174994496	--undefined--	179.24279344709186	179.24279344709186	179.04531444462535	176.12411561569147	173.20291678675795	170.28171795782407	167.36051912888982	165.09081906127966	163.31742928600286
20	a	啥	sa	0.23000000000000043	0.3799999999999999	378.1917819129199	187.69050180460746	514.2326779527316	0.7957951296460587	0.37802265248009687	73.33783293838866	69.58938025975782	80.26240349529859	--undefined--	--undefined--	--undefined--	511.3980759886283	510.5658741699945	511.064972820229	--undefined--	187.69050180460746	196.14141845507433	194.61308251131064
21	I	子	zI	0.04999999999999982	0.10999999999999943	236.41607466921988	230.0448337658421	243.82390787972523	1	0.3119352829147648	73.25814086913013	70.94418372117438	74.85296563228614	233.11103399444505	237.58777568307983	242.06451737171463	241.88003417730621	239.23041021011798	236.58078624292975	234.00310173439766	232.68367907821255	231.36425642202718	230.0448337658421
22	ow	都	dow	0.08000000000000007	0.14000000000000057	284.9684137012208	261.8864068144261	296.78909480267885	0.7939557458233708	0.23211669652078973	78.80868278395045	68.2721805676073	84.80351492992048	293.8706538876059	294.67384442062934	295.8531651675943	295.29091140123	292.21003115459087	287.6622138372023	275.34375396431875	263.0252940914369	272.06409779726	283.2461216376462
23	w>	做	zw>	0.10000000000000053	0.16999999999999993	166.67792341796934	145.12789067025952	213.05890367560588	0.9691546256207532	0	78.88614663295881	70.8153077388691	82.38912653937739	213.05890367560588	191.83465160311192	178.3257247882039	166.67109492707905	163.68035097664438	160.7892842867442	158.2375682703502	154.08522610545776	147.78532938290275	147.17643765081152
24	u	不	bu	0.03000000000000025	0.08000000000000007	169.47577532134042	164.0875755125822	176.49051304540046	0.7677626606197836	0.10109599395313668	68.5242378945415	68.16893059628555	70.00755469604711	176.49051304540046	176.30418773665954	174.2370314811896	172.16987522571964	170.1027189702497	168.03556271478047	165.9684064593105	164.0875755125822	164.0875755125822	164.0875755125822
25	u	出	cu	0.1800000000000006	0.33000000000000007	200.17011298733175	196.20451930771526	210.35898935397597	0.3739206717028703	0.01684933232552286	77.04108794399622	68.53312794634122	80.64374750750174	210.35898935397597	203.55969747754895	199.7423858233813	196.75126568890607	197.31333688181087	198.51691430408485	199.58444379202132	201.64684018829416	200.74133069213894	196.35998110913167
26	@y	来	l@y	0.11000000000000032	0.16999999999999993	188.57339170782964	181.41171380536247	194.6824721656299	0.9540663958739842	0	79.7398039779755	77.69381977451114	80.60544168777193	194.6824721656299	192.89003262010658	191.728560565252	191.00087014447135	190.13083039473673	189.10603914798816	187.08226794253127	184.83804999332298	182.46285102295903	182.36044606699622
27	ey	喃	ley	0.23999999999999932	0.27999999999999936	182.7796926044003	175.71882853113203	187.58254257305654	0.9709703325774763	0.775707792776165	75.38627841460803	62.095411267406526	82.42575916337297	185.2953408800079	183.10053822020902	182.74506134530594	181.89796182329846	181.26106859472506	182.3554101165559	184.9962396598491	186.8975257489861	181.81053056227816	175.71882853113203
