interval	rhyme_lab	character_lab	syllable_lab	rhyme_dur	character_dur	f0mean	f0min	f0max	f0min_point	f0max_point	intmean	intmin	intmax	f0_1	f0_2	f0_3	f0_4	f0_5	f0_6	f0_7	f0_8	f0_9	f0_10
1	yaw	小	xyaw	0.1499999999999999	0.28999999999999987	215.3039532465435	205.75812924074128	237.4328208649547	0.3919799918861883	1	77.18234559111217	70.12579351611875	79.13532302707166	--undefined--	222.45051765556047	212.22908762383392	206.78795115230872	207.06391643706337	207.25508095639393	209.24335117003412	215.6080426465891	227.13365431217554	237.4328208649547
2	iN	影	yiN	0.17000000000000004	0.20000000000000007	230.45957062603318	206.90041132159809	242.35265752894276	0.9180026371496486	0.4143693114319854	77.77884022974919	74.29537062024113	79.50655700624291	237.87259777280758	237.20756678256706	237.38650396678494	239.81838807545333	241.50326862720914	237.02294477525214	229.7523051972357	218.805892520374	207.62847823753114	211.5264424327421
3	iN	平	piN	0.05999999999999994	0.16999999999999993	199.13230503609782	184.72858210771648	216.52999169669943	0.9903071563281213	0	78.28335524524633	76.24479499853432	79.75066601397955	216.52999169669943	212.53418168292916	208.57113125091718	204.7068067939648	200.84248233701254	196.92918983828028	192.86832470851866	188.80745957875695	185.88686022065855	186.40262494576376
4	%	时	s%	0.06000000000000005	0.16000000000000014	168.00940447693307	161.3515900926402	174.66721886122596	0.527872260015116	0.19453892668178263	66.86162506947592	63.539001396810136	69.95242457452616	--undefined--	174.66721886122596	173.56135740170328	169.1228144788414	164.68427155597956	161.3515900926402	161.3515900926402	--undefined--	--undefined--	--undefined--
5	ow	抠	kow	0.07000000000000006	0.18999999999999995	204.73214148084074	176.24929300358397	227.8574731265358	0.04358109271932313	0.7107030393210012	75.16590168494277	73.78475219585015	76.90919977932244	180.66486428117406	179.77599273400924	185.32657185425902	197.33540295774077	209.3442340612223	216.50611652658995	223.2910564034474	224.0879207498013	214.07196159219853	204.05600243459543
6	ey	得	dey	0.06999999999999984	0.09999999999999987	200.8258694883455	172.122281545454	229.0881545610482	1	0.0981437823215234	78.97099162407436	75.04469916402724	82.18022687706319	223.3539690138898	226.56467444057648	223.6072533674022	214.4636966659002	205.32013996439784	196.15587052976167	186.9899902855573	179.73442143768366	175.9283514915687	172.122281545454
7	&n	很	h&n	0.31000000000000005	0.3600000000000001	272.830605097074	91.93689572212108	410.9580850076901	0.8763623729061514	0.46661940972071964	74.9527959254637	55.790843724939265	82.97127857444879	187.77940372384845	245.02969934098806	300.3520091245485	351.3454411221533	401.94398214761617	359.25387300301463	252.76786488686807	160.61198732679105	91.93689572212108	--undefined--
8	yEn	连	lyEn	0.11000000000000032	0.16999999999999993	225.55535915216754	207.57595934862027	232.95659572782708	1	0.0804260700300806	80.2917287611529	78.17693528010986	81.59214199735517	231.5752004214583	231.547633044446	230.36445066563644	228.13400479144923	226.9704513991732	226.5469341903436	225.97489097122664	223.34288566024117	216.3025751344175	207.57595934862027
9	yaw	小	xyaw	0.13999999999999968	0.23999999999999977	305.53568815578416	293.8560788088979	315.2621976878694	0.4028061761572326	0.8756500579546455	83.75678547787874	78.46447233813377	85.35091695261315	--undefined--	306.32414273943857	305.40043866819116	297.0517859050543	296.3741158030808	301.7042121331585	309.84210924173664	312.5138483597932	313.43880039247955	307.63966150743215
10	iN	影	yiN	0.26000000000000023	0.30000000000000027	374.0197918638165	242.24264349481717	470.8261044762457	0.9561356324747766	0.42194244532933534	82.19051000416559	75.07849349677605	85.83436022704878	312.8223266837455	344.82650284853236	384.6409758931797	448.4377900697584	468.1379483183544	444.0257218266206	393.19091685824776	328.1080218357536	272.94894340425554	265.8189256097974
11	ow	都	dow	0.05999999999999961	0.09999999999999964	232.89389249213994	214.97726345002872	252.5695711077279	1	0	80.88409761058364	77.02820948906573	84.09054304670325	252.5695711077279	247.24051817134733	242.5133763351659	239.60018501596593	236.6869936967657	232.9814607698202	226.88808606936414	220.7947113689076	215.97172831871433	214.97726345002872
12	@y	买	m@y	0.10000000000000009	0.1900000000000004	221.6455696039877	212.32596191170074	224.40674243668002	1	0.5011810920855893	81.57850498972368	79.51939919252621	82.8021785663874	222.41834910510727	222.2864355376302	222.51229028707093	223.49666246313765	224.2147505369071	224.131808110719	222.98881525678811	220.54753135684788	216.79150910416263	212.32596191170074
13	&	了	l&	0.040000000000000036	0.06999999999999984	192.26973548132017	183.11578658383033	203.05434863052176	1	0	81.17853696769222	79.51392097132855	83.10206860447352	203.05434863052176	200.79336480809565	198.5323809856695	196.08007382947875	193.3071531685827	190.5342325076866	187.76131184679053	184.9883911858948	184.65776785476257	184.68011888223845
14	a	把	ba	0.08999999999999986	0.16999999999999993	166.66192113965408	157.8068150394327	175.9736818891978	0.8453867016555521	0	79.29077566827641	77.84734870897692	81.4391134403999	175.9736818891978	172.7962633137028	171.2733371276701	170.082660944967	168.66759752592992	167.2074733616794	163.2752434438413	158.84657295601806	159.53576052181324	161.25270038564585
15	i	椅	i	0.18999999999999995	0.18999999999999995	187.62162832152546	161.25270038564585	202.48490718917472	0	0.7658696684559356	75.17872382796293	70.43964180059628	78.8109883038711	161.25270038564585	173.29653762415438	176.79203788038865	181.70073482759688	187.52108698665407	193.19019228652627	198.9051738177699	201.73643315646513	197.77523383461954	194.11233578547547
16	I	子	zI	0.13999999999999968	0.22999999999999998	153.55015822333633	117.44041670010414	181.85954160876815	1	0.15480239714933433	70.04436652015804	62.588906865275334	73.61522302529092	--undefined--	181.85954160876815	173.12693734629048	160.78935753326581	152.93165595297722	148.78629743910636	141.3324441468124	136.74423784588163	--undefined--	117.44041670010414
17	ey	这	zey	0.07000000000000028	0.1299999999999999	130.71704944371774	116.82048543183483	138.0036324725428	0.881033365727249	0.22637420049368484	68.54771572875002	62.5754931087964	72.31005902782529	136.50799358774614	136.88742684950995	137.37079029903637	137.35952472383158	135.52674134082773	133.69395795782413	128.98826063714824	122.68142739888233	116.82048543183483	116.82048543183483
18	y@	家	jy@	0.10999999999999943	0.13999999999999968	161.60401748479282	156.51232077092038	165.1342395400218	0.38121679075446224	0.7424757781900698	70.23955608364734	58.49320308405083	74.55187246296144	--undefined--	162.53778439656557	161.70276147240224	158.02114710738056	158.57631951426907	162.0702843167565	163.92361735405356	165.1342395400218	--undefined--	--undefined--
19	u	铺	pu	0.07000000000000028	0.1800000000000006	134.01186484545804	132.04126630551744	135.98246338539863	0.30960479429866666	0.5953190800129579	66.04756126313498	61.759376619653864	69.17984014998763	--undefined--	--undefined--	132.04126630551744	132.36858227615386	133.90127002944098	135.4339577827281	135.98246338539863	--undefined--	--undefined--	--undefined--
20	I	子	zI	0.13000000000000078	0.20000000000000018	152.86489692203787	149.4779286106554	158.18350663961252	0.48009480224032697	0.16671027385313472	68.47882297301551	61.65402288024061	73.08260467396931	--undefined--	158.18350663961252	156.28277271588937	152.63064954964526	150.15090249107837	151.04387711701315	152.15737332075176	151.33226752674864	--undefined--	--undefined--
21	&n	肯	k&n	0.0600000000000005	0.16999999999999993	235.56567612331932	224.97282588004313	242.05622010015855	1	0.4802899155519825	79.94556073762715	79.12649800667306	80.63401311159191	226.98489888044995	231.8208293746344	235.95772209060183	240.09461480656924	240.61629487029654	239.92743267249102	239.2385704746855	235.22540942161282	230.09911765082754	224.97282588004313
22	iN	定	diN	0.08000000000000007	0.10999999999999943	164.37904616472798	138.96968518058344	204.1553980112971	0.8959041950113426	0	74.2561643527334	66.57204103145651	79.05665906116504	204.1553980112971	195.15409861575546	185.43031358636182	175.37715024107447	165.61281366109242	156.22078953916258	147.78533063337707	143.51239954528458	139.23946845719155	138.96968518058344
23	&n	很	h&n	0.08000000000000007	0.1299999999999999	190.8536598909071	175.08147239687608	201.1950929154759	0	0.6097345356603218	76.72020054601406	74.70651457257455	77.57745266390532	175.08147239687608	180.15882548008616	185.1740042854408	190.5860988573983	196.30770663214386	199.943135430087	198.97531859209963	197.57846427585557	189.67527871717155	181.7720931584875
24	yaN	相	xyaN	0.28000000000000025	0.41000000000000014	202.98145578254554	138.67477543033667	283.00748589460324	0.22416020053868094	0.9689373801582436	76.19360977080942	69.37025913189855	84.00807190103002	--undefined--	158.13262258951718	140.20188679669047	152.47930613787923	171.57909158827584	199.3695134105411	234.64431356282594	262.59793349687317	277.00071137405337	280.647300417557
25	iN	因	yiN	0.2400000000000002	0.27000000000000046	248.78706944178168	237.71924512766898	266.5470733295626	0.8403013983371133	0	74.03448584020283	55.79079292116873	79.65077856604671	266.5470733295626	260.3308967572102	254.31517880651646	249.15864112767176	246.3063690843907	241.94450610620248	245.11608509402416	242.07658060731296	--undefined--	--undefined--
