interval	rhyme_lab	character_lab	syllable_lab	rhyme_dur	character_dur	f0mean	f0min	f0max	f0min_point	f0max_point	intmean	intmin	intmax	f0_1	f0_2	f0_3	f0_4	f0_5	f0_6	f0_7	f0_8	f0_9	f0_10
1	yaw	小	xyaw	0.18	0.32999999999999996	235.7075968938436	224.6951828003245	246.66162984113575	0.2309590791341329	0.7989430051071769	78.84772540869068	73.18733714404082	81.06915977728345	239.24350868312158	228.65948249535148	224.94997346138084	227.50706346434137	234.15764318280193	239.12363416065466	243.27686686372564	246.41277370037957	244.07310722876252	226.2353365097102
2	iN	映	yiN	0.19000000000000006	0.24	149.2467098820416	142.46693021925051	172.3704794472375	0.4792377370138377	0	75.01250342130979	71.56796532828456	76.70335096864842	172.3704794472375	153.4296154106119	145.58398710512392	143.85827713874613	142.73136889791817	143.10591412640107	144.80855701825377	153.60370821968064	158.2781193936948	150.56072813373868
3	wey	嘴	zwey	0.10999999999999999	0.16999999999999993	233.33455254808973	220.764139207924	246.58129596367516	0.08157777559685983	0.6889979573023045	76.96384636943263	71.87060534528791	79.42259260234263	221.74899039830024	221.6248297178495	223.66585503441848	227.92492534887336	235.18791921172894	241.93923054289684	245.13387405586096	243.26676616746255	237.80705914804147	223.34375555621727
4	a	巴	ba	0.1299999999999999	0.20999999999999996	225.38631637062474	217.53984210776136	232.89878047450517	0.10527291042691328	0.5064086823599878	77.2221478412682	59.6595350707711	81.70804277110027	221.33955719301994	218.6723844493774	220.6506036727909	227.21052086647532	231.06569337975492	231.7557674965865	227.70779751898795	224.6023071018099	223.0989325669702	--undefined--
5	&n	笨	b&n	0.13000000000000012	0.17000000000000015	136.7619586721885	129.65123222114443	146.17131483138743	1	0.44928484214198416	71.69599192583513	65.00315441757424	76.46333851953786	--undefined--	--undefined--	--undefined--	--undefined--	146.17131483138743	138.19391297055884	134.53860811525658	134.245317804014	133.31620278851682	129.65123222114443
6	ey	得	dey	0.06999999999999984	0.09999999999999987	145.40911745873683	142.66589433107552	147.41732729554244	0.8343861354065415	0.4267502505582572	73.3746760630819	70.16577316963405	75.42728959446599	145.34046827294645	145.89388638782617	146.4473045027059	146.7344567586826	146.86748734949447	146.88804085716663	145.20555900012423	143.52307714308182	142.66589433107552	--undefined--
7	&n	很	h&n	0.32999999999999985	0.43999999999999995	263.53363961783407	133.12300056462422	359.3744606779764	0.7224455438741153	0.33170437717152446	74.64695174405806	48.204985756992286	84.58294039251862	229.78383229707939	278.93014879889785	319.81909319168085	354.9301665754288	306.45898720405086	225.26693165214928	148.65824128847106	--undefined--	--undefined--	--undefined--
8	yEn	连	lyEn	0.11999999999999966	0.16999999999999993	211.14409091568132	195.21972530354788	218.54506374463668	0.9867252456538143	0	78.92579267050864	77.5955955058663	79.95593631659969	218.54506374463668	216.9700347852749	215.01808617510318	213.12717497801216	213.39253646414738	212.6727142088316	211.1700347563045	208.35781587794457	202.30383954248754	195.21972530354788
9	yaw	小	xyaw	0.15000000000000036	0.23000000000000043	327.5335244369052	292.3404755335322	365.9084013206971	0	0.7655021278744508	83.11715999864202	78.23165601250787	85.1339129526941	292.3404755335322	302.16999307698865	301.50716554273714	309.1611151207245	322.39441351134053	338.0896663785981	355.37555017011255	364.42140173224453	348.22293395762927	316.5996375597124
10	iN	映	yiN	0.30000000000000027	0.3599999999999999	174.95878737752298	147.67458234391708	207.71167626186883	0.2575584408148177	0.8708000670248113	77.86887904201582	74.38210627161847	80.88501413656786	204.63370074875138	166.1815512279609	148.79664716348495	148.97362323262038	152.90966931701388	168.13803982835685	184.32372625589045	200.1327551889326	206.69171823318698	202.70006012574552
11	ow	都	dow	0.07000000000000028	0.14000000000000012	273.9272717551447	260.2603335468976	280.6691888658506	0	0.579624484861064	82.67638317483947	81.32764897581266	83.81761103409283	260.2603335468976	265.9089911280168	271.55764870913646	275.34619644405876	278.0580637962001	280.4937519225889	278.7477616543539	277.00177138611895	273.3216060551476	267.6325427021079
12	@y	卖	m@y	0.1499999999999999	0.21999999999999975	146.21378237409354	138.9225033637338	158.0306379337969	0.38938019652304906	0.7884931979917291	75.51649922322919	66.6252543165799	83.60230009019651	--undefined--	--undefined--	--undefined--	138.9225033637338	138.939976522078	141.1200694181426	148.5364104127489	157.13255105512994	150.12403927592345	--undefined--
13	u	出	cu	0.029999999999999805	0.1499999999999999	183.59891682649365	180.41391733151127	185.49603119204826	1	0.2802343159485854	77.80779181398928	75.58952757681107	79.3138948240504	185.49603119204826	185.49603119204826	185.49603119204826	185.1060276684602	184.28993488600545	183.47384210355085	182.6577493210961	181.84165653864164	181.02556375618693	180.41391733151127
14	&	了	l&	0.029999999999999805	0.06000000000000005	167.99480123941564	161.38395853477013	174.35115826086283	0.946900982615257	0	76.73206676116905	74.66566833033329	79.59011610098722	174.35115826086283	173.22443631130386	172.09771436174472	170.70296296474004	169.01538224258942	167.32780152043912	165.64022079828854	163.95264007613852	162.2650593539879	161.38395853477013
15	waN	双	swaN	0.1200000000000001	0.20000000000000018	189.22105063383577	184.7855408273398	193.7838825504219	0.36625465489915227	0.76365383062689	78.83129314641643	78.256732491855	79.88568682587987	193.13297872853622	188.49224999272315	185.96256739604627	184.91918199998736	185.27267072773998	188.5248049638633	193.00490658110144	193.41228186169783	192.2577611029483	190.1569187926568
16	a	袜	wa	0.20999999999999996	0.2599999999999998	159.26393067437598	145.41939195994047	183.2069048014852	0.992414426087896	0	77.87094046696409	70.09898834117027	82.25931096743112	183.2069048014852	175.60873801915892	167.62368073838167	161.16844930900106	155.37800782168753	150.90713416026878	148.93054487266267	153.90155206796368	156.6886873318499	145.41939195994047
17	I	子	zI	0.1800000000000006	0.3100000000000005	156.9670868773479	135.07759334208424	184.44447035679278	0.7616508233113809	0.046705719324766234	70.11484531786499	61.654862480333676	73.40915455377433	184.44447035679278	177.7551860382401	169.55773351349157	164.02347902200245	157.1260278867346	148.82556658542305	139.89381506884794	136.38600197291734	--undefined--	--undefined--
18	i	你	ni	0.09000000000000075	0.1200000000000001	280.78629367800886	242.52012246758488	302.0329737006745	0	0.648339787540471	76.0696133621517	71.19399478984984	79.58191081995234	242.52012246758488	255.06261456159632	267.3098935799584	277.99916195351835	288.18414803133555	295.7077439148914	300.8207591163221	293.21174174981564	285.97527475844555	280.7049722024053
19	a	咋	za	0.13000000000000078	0.20999999999999996	231.5203189961902	190.6812812781321	289.2655331757741	0.8599573433747859	0	80.45185659617358	69.04148946962047	84.1037651685095	289.2655331757741	269.0401923946406	255.72176513338368	248.3589544970816	239.44221038212024	227.68651512283716	210.36546965240007	197.33517453308667	194.09200700875473	199.56006499168438
20	&	个	g&	0.08999999999999986	0.14999999999999947	161.75226746276837	149.15416961352867	183.00298221260155	1	0	79.48687891573218	77.55872792177651	82.26655606366465	183.00298221260155	176.21433676197867	169.73376726661164	164.87909329310668	160.40254915818727	157.92161552369996	155.53434395486917	153.64138143717057	151.65205628499936	149.15416961352867
21	a	啥	sa	0.21999999999999975	0.3799999999999999	154.49818378600327	124.58312151038295	180.14164577458885	0.5836683158111736	0.9488687683854681	69.87393328208577	64.39604412149394	75.74940423248863	--undefined--	--undefined--	--undefined--	--undefined--	--undefined--	124.58312151038295	136.86103406888913	155.1147338969621	177.796847361114	178.1670252354289
22	I	子	zI	0.05999999999999961	0.11000000000000032	242.70738593132705	229.31835576483505	248.78211372223853	1	0.30678382464096426	72.85947454001499	65.40081425044451	75.73739839193551	--undefined--	--undefined--	248.78211372223853	248.4024019150648	246.81328773272946	245.22417355039386	242.89434992725472	238.2053271955062	233.51630446375768	230.2997090202631
23	ow	都	dow	0.0600000000000005	0.1200000000000001	299.45788799771634	288.04193898689635	303.9311033253398	1	0.46793364735760995	83.08419235405648	81.44263638029761	85.2310666940369	297.7199594743811	299.7122818833874	301.70460429239336	303.2128584849221	303.1793295680293	303.1458006511365	301.94018882004207	297.0014303405129	292.0626718609837	288.04193898689635
24	ey	没	mey	0.1299999999999999	0.20000000000000018	217.6205050295814	207.15113743111343	252.64117815770982	0.8879703402435822	0	80.97786725866787	80.48853758587202	82.49567463304432	252.64117815770982	236.39483219911824	226.97051487258094	219.55232416872826	213.83074665340231	209.99731948981778	208.86505252883802	207.7943670593777	207.34953684218874	207.5509046045369
25	@y	卖	m@y	0.1900000000000004	0.2599999999999998	112.1316044899753	75.27876132068954	136.1089137162757	0.7810896288339906	0.5963205115783958	68.60157620165636	61.981099276818576	80.02689551544407	--undefined--	--undefined--	--undefined--	--undefined--	111.17495009209371	131.7277433080291	127.64252710095548	76.9037617747231	--undefined--	--undefined--
26	u	出	cu	0.02999999999999936	0.14999999999999947	162.47269292002449	146.44814870356774	178.70519015599615	1	0	70.81618137995127	70.46350541207323	71.99229734810723	178.70519015599615	175.08341617744213	171.4616421988869	167.83986822033165	164.2180942417776	160.59632026322237	157.02111730844828	153.49679444015516	149.97247157186086	146.44814870356774
27	U	去	qU	0.1900000000000004	0.3100000000000005	155.61514503680655	152.4114612985303	161.12516557412866	0.46706046624568887	0	69.90868095751222	58.56262864800739	75.82923815559916	161.12516557412866	156.4398566899101	154.64436780755355	153.78057720794098	152.65043614961135	153.37771813977847	156.83012322991846	159.83703205503477	--undefined--	--undefined--
