interval	rhyme_lab	character_lab	syllable_lab	rhyme_dur	character_dur	f0mean	f0min	f0max	f0min_point	f0max_point	intmean	intmin	intmax	f0_1	f0_2	f0_3	f0_4	f0_5	f0_6	f0_7	f0_8	f0_9	f0_10
1	yaw	小	xyaw	0.17000000000000004	0.3	281.72703263012045	264.3015178082143	298.54928289430427	0.27758345276676605	0.7354768052781319	81.43958627439187	74.73445439930491	84.3561610789501	270.26607703982336	271.01401464688774	266.86304462155505	266.9531879403567	276.68420270786976	289.1076991681603	296.5516773228636	297.31813968985625	292.6999648699582	283.77497318118975
2	iN	银	yiN	0.2300000000000001	0.27	217.75939657621947	172.08953583304256	261.18855382523645	0.8586204942874046	0	79.69553228502295	63.41735347006776	83.57072487675485	261.18855382523645	256.3005689084766	249.6843194521224	240.25250594170774	224.34071996358256	210.89385559881532	197.4724034918061	184.47525464751536	176.57541053132758	181.49324595111145
3	wey	对	dwey	0.10000000000000009	0.14	153.66104133201546	141.96862663619424	175.60885187969316	0.9079420349097936	0.04926303854875021	76.39927109672146	70.07234886110476	78.81719455248049	175.60885187969316	170.0523122176537	160.06989449300008	155.16303081997629	151.8886953213472	150.25304788175842	148.3611369690729	144.68942068368034	142.66814831358505	143.6242862112858
4	i	集	ji	0.10000000000000009	0.25	183.66974020861008	179.90518107600772	186.4009065004659	0.9146121763113993	0.4953762847291028	73.6736381293237	65.88439258866782	76.25575907443421	184.50347287653082	183.60830713810154	183.94184920409091	184.91790902639244	185.6100802521701	186.0963955302375	183.94507200766498	182.01315511318631	180.71677590684465	181.23210867294029
5	i	体	ti	0.030000000000000027	0.1399999999999999	228.34000901148562	219.41166448453052	232.49994345456588	1	0.16421012849583402	77.76564994892395	76.99603792326971	78.48688884906613	232.49994345456588	232.49994345456588	231.8641830473686	230.64650513390941	229.42882722045022	228.21114930699113	226.99347139353193	225.77579348007274	223.2104805244152	219.41166448453052
6	w>	活	hw>	0.11999999999999988	0.25	176.80414375364307	164.7285708542454	204.03505864580347	1	0	76.80986090064133	67.96516792755017	79.21500649871973	204.03505864580347	192.02923828668847	181.34275869641525	175.88336197276413	173.7504847014183	173.43348738959818	172.22804614483115	170.59690408427082	168.4730272150969	164.7285708542454
7	oN	动	doN	0.16999999999999993	0.21999999999999997	140.14767589245722	133.0005386479096	164.92478772553306	0.551511170136462	0	72.92658415280869	67.55881654585437	77.35761815686567	164.92478772553306	152.74865907214644	140.98171304754064	135.1576317220528	134.97663487681055	133.05736710190877	135.37406949165816	136.93794673747297	139.90952837083302	--undefined--
8	oN	从	coN	0.18000000000000016	0.3100000000000005	210.3091752948926	190.047963580307	222.28046134108283	0	0.9243348302725481	80.48214671432169	76.02472619597174	82.5049309469661	190.047963580307	197.02310976120395	196.83418100016385	203.04999901150063	210.42623504130125	215.70850113062514	219.1918239233125	221.55489106178243	222.01347481694918	221.68148425741666
9	@y	来	l@y	0.0900000000000003	0.1299999999999999	196.80259132367428	183.3518162552079	209.86290720246464	1	0	80.12777516690888	72.5875467387304	82.7426910433544	209.86290720246464	207.56901246162906	205.19556701755937	202.74488184040536	199.4940196762287	195.46622589001535	191.53733913127402	187.70448612322858	184.98677691079178	183.3518162552079
10	ow	都	dow	0.06000000000000005	0.1200000000000001	197.47390115188608	189.23640643794545	200.33646705147348	1	0.5828552274858673	80.32247872978779	76.0893759691285	82.24980626231267	199.4715493212214	198.25880020525054	198.43376500019212	198.60872979513377	198.74050110108047	198.7500081010449	198.75951510100933	197.6662201805039	193.45131330922484	189.23640643794545
11	u	不	bu	0.050000000000000266	0.10999999999999988	185.0436425391365	173.16141267369397	195.1884994951731	1	0.07961271019350803	79.11175335251879	77.1672040813854	80.9597362432294	193.26176279441492	194.87481242813382	192.27415844165208	189.67350445517033	187.0728504686886	184.20197561679342	181.07484757841397	177.9477195400345	174.82059150165506	173.16141267369397
12	E	热	zE	0.08999999999999986	0.16999999999999993	160.82456577012263	152.1629300068199	170.53092126951077	1	0	78.50342978021403	77.97195123464097	79.72632696569362	170.53092126951077	168.10883471304305	165.6605967458226	163.18696707363665	161.06182416892727	159.27504439375653	157.74097671428243	156.4522797735352	154.58735097221137	152.1629300068199
13	iN	心	xiN	0.2200000000000002	0.3900000000000001	163.01739648025278	145.1416958823792	181.07712526000796	0.21160490648212613	0.6944577729632351	69.65141127489204	53.47527257341766	76.86612142124731	153.31892227138152	148.14120710229275	146.15527293514256	153.57184722174063	162.87135954249686	175.32410422312228	180.29345676454432	178.75707059022585	--undefined--	--undefined--
14	yEn	连	lyEn	0.1299999999999999	0.18999999999999995	261.5057513000275	223.3477616458884	270.38073325332806	1	0.3279356011601191	83.31179591353218	76.84682413281224	85.32682266274293	260.4546190117838	267.95733827148445	269.60738836122226	270.10341355468415	269.32403755066156	266.13903918741994	265.0314112051376	258.24842586155455	243.0427055119938	223.3477616458884
15	yaw	小	xyaw	0.1599999999999997	0.2599999999999998	345.62786681210724	316.8318487884426	371.38134256618656	0.0307893990929648	0.661517414975908	84.30844550267913	78.31212429303919	86.28869394348574	316.8318487884426	323.8521805883222	331.4197678827905	338.3248750667414	350.0615327159142	366.22549282213663	370.90455679094913	366.16023504310795	344.7851541461686	321.09331087168783
16	iN	银	yiN	0.3899999999999997	0.41999999999999993	257.2529073924887	200.44536659878753	300.62320254796117	1	0	84.75345427709833	75.33979109102233	89.05801159975022	300.62320254796117	282.344971826652	274.97031486050764	278.31419463226297	274.0605045421968	259.64127192416714	246.9473574739418	232.5153484307805	220.9736370171739	200.44536659878753
17	ow	都	dow	0.08000000000000007	0.14000000000000057	238.63158978567668	230.23511530206378	242.89273436418975	1	0.5069388050134678	81.05785296231542	76.81321318531658	82.3636921789746	236.46007569505286	236.326651998444	238.80905471743188	240.97285105300037	241.82797426319033	242.68309747338023	240.66454387663123	238.481281899175	234.70618459917645	230.23511530206378
18	a	拿	na	0.1299999999999999	0.16999999999999993	205.0305493153191	184.57792244112562	225.06969944811797	1	0	83.04828389009515	80.73323468622615	83.92809552772624	225.06969944811797	219.37029922350393	214.22479011311782	210.84323864936462	207.51650706094824	203.62732679638037	199.2312748757915	195.20657344252876	190.26453429215871	184.57792244112562
19	&	了	l&	0.0600000000000005	0.1200000000000001	160.1193089459073	152.194594004868	174.61863003290455	0.9154383975812361	0	73.44537399398389	65.49688869572637	79.98122740592096	174.61863003290455	172.3553719588106	170.09211388471664	165.21192947947208	159.51011792444794	153.8083063694248	152.3821353299195	152.29837209472748	152.21460885953547	152.194594004868
20	&	个	g&	0.02999999999999936	0.0699999999999994	161.1240649404338	159.0697650711277	165.49741669648233	1	0	73.0522614678678	71.90697205318601	74.05646748259186	165.49741669648233	164.2653438891987	163.03327108191485	161.80119827463142	160.5691254673478	159.87519787162523	159.67383967150087	159.47248147137648	159.27112327125207	159.0697650711277
21	E	篮	lE	0.20000000000000018	0.2400000000000002	155.38657042546856	151.59882273836718	161.425071205946	0.7889027690791599	0	77.18763147914636	75.26690850140317	79.11618089033163	161.14000541994864	159.08726355699258	156.83745697042926	155.57497242450296	153.66443739963856	153.50050369711252	153.18401021332497	152.5582432049394	156.11132129094892	153.1004431072843
22	I	子	zI	0.1800000000000006	0.28000000000000025	148.13756594191676	76.70338364003906	177.9878465873819	0.6940350214159694	0.13847946586041768	70.17958853722473	59.6745595680125	75.5320473292707	--undefined--	177.9878465873819	172.4361061689392	166.45297098125968	157.89548110966965	147.87848299968053	93.61782059424431	--undefined--	--undefined--	138.30090759472193
23	&	这	z&	0.04999999999999982	0.14000000000000057	138.99720380941562	136.69593193965886	140.45649295352194	1	0.5149642436273201	73.05338470431941	70.76166924132282	74.48947183836134	137.1570263865002	138.13762130623417	139.11821622596813	139.80786608645292	139.8597113056522	139.91155652485153	139.96340174405083	139.1154046097596	137.90566827470923	136.69593193965886
24	I	次	cI	0.03000000000000025	0.1200000000000001	156.65700032886159	143.29623334703248	162.39908524961254	1	0.4975434618291489	68.06109149937717	67.01231496767313	69.35287340638428	--undefined--	--undefined--	162.39908524961254	162.39908524961254	162.39908524961254	160.19352844852475	155.96920467315132	151.7448808977779	147.52055712240445	143.29623334703248
25	w>	活	hw>	0.08999999999999986	0.16999999999999993	157.20600180716858	143.2309807819861	161.15279086171145	1	0.49354050892560586	74.2210148179983	71.36437967670068	76.15856400931493	159.15251372286505	159.23364016768218	159.39353631143348	159.89833032240992	160.73800282122804	160.68005845298296	159.75057323839397	155.44144279627557	147.85084676452584	145.04013801955801
26	oN	动	doN	0.11000000000000032	0.16999999999999993	136.13378078126314	131.46985648605954	144.65841286373666	0.3302101718335903	0	72.01848606169499	68.00172316912692	74.84293761486454	144.65841286373666	137.6089645226559	133.87921063826906	131.788906344344	133.89247196774312	135.38155541746545	136.2708006316556	137.57371808257267	138.62019368744336	--undefined--
27	&n	肯	k&n	0.15000000000000036	0.28000000000000025	322.4256055901687	247.25946990354197	375.06544664546203	0	0.733678997349843	80.86128188578698	74.32956068504356	85.70470923290341	247.25946990354197	260.93125011946205	278.8947114880651	292.07824807349357	316.9437862801412	348.1696309132948	371.7245053279154	373.63786506731594	364.267055839942	338.37346953659016
28	iN	定	diN	0.0699999999999994	0.11999999999999922	198.42460942387942	168.6335609189748	250.71928461172516	0.7846614836410728	0	78.38844137823196	75.01723900933187	80.32182678749862	250.71928461172516	231.9667353707659	214.0936490968672	206.21157905232772	198.3295090077894	189.34555951735058	179.30071608257833	169.25587264780464	168.6335609189748	--undefined--
29	&n	很	h&n	0.07000000000000028	0.17000000000000082	199.8701274429705	190.74043570037537	208.1577679677981	0.2613998257140249	1	79.5157502605745	76.4526848967986	82.37155656271533	194.57340320270936	194.16120206226796	193.0368681364522	191.91253421063624	196.09153566129828	201.63647408793483	206.10917847637393	206.8622436117831	207.6153087471923	208.1577679677981
30	oN	隆	loN	0.29000000000000004	0.3799999999999999	171.96252072010478	159.57479701500046	191.3509702942478	1	0	77.5235583620959	70.13848145195445	81.56870295925668	191.3509702942478	179.29597421562698	177.1643894043061	176.24098289498838	170.96410127878343	168.16769703811426	166.88399814919487	165.70384665082943	167.8528438997308	159.57479701500046
31	oN	重	zoN	0.13999999999999968	0.23999999999999932	152.87641786243012	149.64408331004043	160.43981063769542	0.10661645610624731	0	66.43362488548051	59.76699541251324	74.15357225225449	160.43981063769542	149.64408331004043	--undefined--	--undefined--	--undefined--	--undefined--	--undefined--	--undefined--	--undefined--	--undefined--
