interval	rhyme_lab	character_lab	syllable_lab	rhyme_dur	character_dur	f0mean	f0min	f0max	f0min_point	f0max_point	intmean	intmin	intmax	f0_1	f0_2	f0_3	f0_4	f0_5	f0_6	f0_7	f0_8	f0_9	f0_10
1	yaw	小	xyaw	0.16999999999999998	0.35	273.84908208992687	259.04982317439953	288.92926984310515	1	0.027777777777777877	82.20407042363824	75.32252964085704	84.09118853526988	288.92926984310515	279.4046107439248	272.30463682635866	271.724901086385	273.6344801203237	275.1196239360054	275.3952832912821	273.70619908925613	268.401125339407	259.04982317439953
2	iN	英	yiN	0.20999999999999996	0.23999999999999994	239.0756955100208	230.90331058609732	261.5924098979214	0.34132592226705827	1	78.55642610252211	77.26847849767695	80.16574506370583	243.8929519646578	236.18633336770202	232.86906098343178	231.14287255665934	232.606050943394	235.74597485525	239.46336687916545	242.44230720255769	249.3241708723642	261.5924098979214
3	ow	手	sow	0.08999999999999997	0.25	263.72412466974663	248.96678601562115	273.2541643188627	1	0	79.05105466012861	73.96045781072844	80.62613597950015	273.2541643188627	268.13134478266204	265.60561668160847	265.403601969897	265.97695358095115	267.2440540071113	265.1700341817104	260.1065909733335	254.69323045080733	248.96678601562115
4	oN	工	goN	0.09000000000000008	0.15000000000000013	241.46341856280162	236.67008234543164	248.4352490450841	0.3340462139818679	0	78.1485208677418	76.74835104247325	78.80368321759532	248.4352490450841	240.4393445689426	238.03121369366414	237.27992440098132	238.01107231377878	240.06025238573764	243.28872438957782	245.1020911355446	245.64931107183523	245.57419755011597
5	aw	好	haw	0.08000000000000007	0.17999999999999994	246.12630682254755	242.20616053075364	250.52185761027047	0.2077575767056248	0.6761549380506737	77.84985228255339	68.61997154260811	81.38139293172306	246.11600492144328	243.77938035052645	242.79287979988467	244.38388874249526	246.02120526612913	248.10616173965462	250.19111821318015	248.52121966324555	246.15597759044806	245.14552907020064
6	a	差	ca	0.1100000000000001	0.28	152.81704168882996	146.77105578922337	172.47653514093744	0.5568794275456106	1	72.19738972128049	67.96048430406348	76.02292185679569	158.04257845411706	152.50352408992572	150.73760492857835	150.0738899601899	149.0792386184409	147.39522048727113	149.34258847913063	153.09765448610878	160.74578902686568	172.47653514093744
7	a	嘛	ma	0.19000000000000017	0.27	184.27517689015656	159.75358146340605	205.32177331649206	0.39327485380116994	0	68.48020602521113	50.148905964398686	79.49532128148464	205.32177331649206	194.349053221816	180.7513012493312	167.03928873819368	159.75358146340605	--undefined--	199.09986344108952	--undefined--	--undefined--	--undefined--
8	yEn	连	lyEn	0.08999999999999986	0.16999999999999993	194.8362318584383	191.3498633687224	197.73741952601918	0.5428226431886892	0	78.17814205263998	74.856422055357	79.1916108900943	197.73741952601918	197.24351922192528	195.95596465429307	193.95829837717943	192.65132195734023	191.96233119927294	193.03350614416107	195.67956619169314	196.40485631935113	195.41156283449033
9	yaw	小	xyaw	0.17000000000000037	0.28000000000000025	246.80349378356888	231.57227074179016	255.33312232206202	1	0.658924281463984	82.28444543769311	76.62082696553908	85.37047886438108	--undefined--	250.9599731781973	239.8622191669725	240.9872194132041	246.76680572542634	251.91752289916397	255.02515573589687	250.28621335484775	243.60526269254765	231.57227074179016
10	iN	英	yiN	0.11000000000000032	0.1499999999999999	223.94256323342847	214.44185018508134	233.16416297151915	0.11625369668290245	0.7961840942885653	79.70944925103174	78.04228721240862	81.0524713457548	215.53705096169875	214.87899992822398	215.09872852975866	219.31237705767373	223.30609051461892	226.6950245740999	230.01371447758615	232.95411316253038	231.127113959071	227.98955827227923
11	ow	都	dow	0.07000000000000028	0.1200000000000001	226.1138134554923	223.88571876194422	230.61687996260613	0.45980835244262525	0	79.67573297908835	79.2243351807081	80.32238134078973	230.61687996260613	226.72785378434548	225.53551435524284	224.34317492614028	224.2724586616728	224.44557351995203	224.99369754039796	226.66684904734333	228.340000554289	230.46899909094535
12	yE	捏	nyE	0.10999999999999988	0.19999999999999973	191.77779656254154	182.4396621580036	203.62943411439053	0.28904892809654825	1	76.67603128251956	75.12099624502115	78.58242545042262	195.58239259382108	189.20621345381605	183.2841664647036	184.1417139463249	186.45797321724368	191.28958963793397	194.77780144533307	197.67747582291776	200.23310273372863	203.62943411439053
13	&	了	l&	0.06999999999999984	0.10000000000000009	199.06065665699526	187.86122881294366	208.9964845672582	0.924603174603169	0	78.49582434926913	73.49490748806058	80.61036918064582	208.9964845672582	208.14827040584657	206.03358653837478	203.918902670903	201.0786129454686	198.0805828161293	195.0571182768572	191.95735050778654	188.8575827387161	187.86122881294366
14	&	个	g&	0.040000000000000036	0.08999999999999986	159.45248516746724	153.8780163570109	167.3604732479146	0.1180555555555517	1	73.9796702129004	73.60872889669436	74.7312246449364	153.8780163570109	153.8780163570109	155.29519465164958	156.80685149926396	158.31850834687873	159.8301651944931	161.53065412648485	163.47392716696152	165.41720020743819	167.3604732479146
15	%	狮	s%	0.14000000000000012	0.33000000000000007	156.0554266576213	149.33760416681784	171.2179556874002	0.24801587301587033	1	70.73706072309811	64.92475044444502	74.27855488617449	--undefined--	--undefined--	149.33760416681784	152.17531813303574	154.37354262023786	155.01638555061862	155.87580197686643	156.74896778107987	161.9440287361016	171.2179556874002
16	I	子	zI	0.08000000000000007	0.20000000000000018	159.39929342995862	156.30213244327408	166.7039183985542	0.18402777777777307	0	74.33682759665827	65.07304776697929	78.82724744620036	166.7039183985542	160.42359480291339	156.30213244327408	--undefined--	--undefined--	--undefined--	--undefined--	--undefined--	--undefined--	--undefined--
17	i	你	ni	0.040000000000000036	0.07000000000000028	243.05522537303986	234.22430891426987	247.3703004872331	0.2622857037344215	0.8248920471513813	75.98710023290107	75.3390999134182	76.91292007199414	245.19408240776326	236.7554797923507	238.3505973128729	240.6146295091234	242.87866170537418	245.14269390162497	246.3226247792618	246.10871110439578	245.8947974295297	245.68088375466368
18	a	咋	za	0.08000000000000007	0.18000000000000016	237.8851964198796	219.44559639931825	262.49993806206777	1	0	81.47670681202737	75.83695923288084	83.41093899234598	262.49993806206777	253.78991529028016	247.7927436346747	242.40263022439484	239.1805819759902	235.95853372758597	231.5435432308919	227.0900707261889	223.16454050690965	219.44559639931825
19	&	个	g&	0.03000000000000025	0.05999999999999961	205.2141092586179	204.00724852922403	206.44993731839213	0.4928327161477911	1	79.90237172249743	79.78583306816736	80.35643977814912	206.39084498390702	205.85116994185438	205.31149489980166	204.77181985774902	204.2321448156963	204.31816384620214	204.85110721424968	205.38405058229714	205.91699395034468	206.44993731839213
20	a	啥	sa	0.1899999999999995	0.2999999999999998	160.0582714786563	134.7105507901294	204.92494924162244	0.8143274853801155	0	68.07830282029829	61.511342169488074	74.51676813150071	204.92494924162244	188.22653295599693	--undefined--	--undefined--	--undefined--	--undefined--	--undefined--	134.7105507901294	141.47906315919238	155.63483961487015
21	I	子	zI	0.08999999999999986	0.1299999999999999	190.36944462017942	176.7558180378796	204.4290241979362	0.08585363479507707	1	73.3152642564013	70.34881224258014	75.89181344228241	178.40386816247343	177.79162862109365	179.54041227687014	182.60322514439858	186.84174835928332	192.1888553988401	198.52785322889278	202.0357246649849	203.01048301174373	204.4290241979362
22	ow	都	dow	0.09999999999999964	0.15000000000000036	256.5002200562395	244.76911937093766	269.01797364063077	0	0.6828198488174955	78.15889636199913	68.0284913231337	81.91417842467389	244.76911937093766	246.42305709362782	248.00634162444084	251.48815554720233	255.52115542246509	262.7124873671319	268.1076969215899	264.65369594678646	260.6406472709671	255.69585242678795
23	w>	做	zw>	0.08000000000000007	0.15000000000000036	157.26280950579746	134.16392380199926	198.4831822683924	0.6840277777777731	0	73.55465384287197	70.27023059426165	75.00542801592947	198.4831822683924	183.86710708850424	170.63113098902758	160.02988949761126	149.7450731212636	142.51903285725686	135.29299259324964	134.16392380199926	--undefined--	--undefined--
24	u	不	bu	0.040000000000000036	0.08999999999999986	182.37784209866217	182.37784209866217	182.37784209866217	0.6180555555555406	0.6180555555555406	65.74396920457345	63.637536554338006	68.33436441797782	--undefined--	--undefined--	--undefined--	--undefined--	182.37784209866217	182.37784209866217	182.37784209866217	182.37784209866217	--undefined--	--undefined--
25	u	出	cu	0.03000000000000025	0.16999999999999993	162.33047200514696	157.6263804302222	167.95473250052578	1	0	76.76664719104278	75.96109413732418	77.53760378224186	167.95473250052578	165.75738378530232	164.3522089410486	163.5128725760595	162.67353621107043	161.83419984608165	160.99486348109255	160.15552711610377	159.00285824104455	157.6263804302222
26	@y	来	l@y	0.1299999999999999	0.16000000000000014	133.2611231918892	122.19222944737821	146.5671167412469	1	0	75.3361311026622	74.12215665596833	77.81528741299604	146.5671167412469	141.620654698149	137.31949908193963	134.89556775229178	134.0254999067023	132.95874034905196	131.30076846411092	127.99688601102041	125.01698720899418	122.19222944737821
27	ey	喃	ley	0.13999999999999968	0.17999999999999972	84.47649150766834	76.93995661793969	101.12573795823904	0.2536892365093284	0	68.51301583564805	60.61487429010113	74.3055558675245	101.12573795823904	85.55675598885767	78.57405767507062	81.52573071763014	84.60961538765184	--undefined--	--undefined--	--undefined--	--undefined--	--undefined--
