interval	rhyme_lab	character_lab	syllable_lab	rhyme_dur	character_dur	f0mean	f0min	f0max	f0min_point	f0max_point	intmean	intmin	intmax	f0_1	f0_2	f0_3	f0_4	f0_5	f0_6	f0_7	f0_8	f0_9	f0_10
1	yaw	小	xyaw	0.12	0.25	282.8349555296225	271.2591298434289	291.05018187844183	0.1819255479969764	0.8610939551029526	84.18420735006812	72.7930706502904	87.13972356499914	--undefined--	271.2591298434289	271.94962767791367	273.8535560562351	280.20928760190867	285.9919749379327	289.52223567908663	290.6040465906878	290.8596029967463	290.3481185270945
2	iN	影	yiN	0.12	0.14999999999999997	309.5737513121599	288.65307051176865	325.96269260881627	0	0.9103067963568051	88.25104702400124	82.88250022259481	89.73777318509387	288.65307051176865	289.87259324209253	295.56727349038465	302.5506352495153	309.968475287673	314.3918562769787	318.887909898901	323.14176499422126	325.12636470394034	323.82728653775183
3	iN	平	piN	0.05999999999999994	0.15999999999999992	241.5326489575709	219.59702504455504	257.91060054039224	1	0.19718442932728714	82.07451534059174	79.67962848374101	84.43439340859244	--undefined--	257.91060054039224	256.67249132124243	251.17808965437374	245.68368798750515	240.17745208140832	234.63053318687088	229.08361429233332	223.83226851607733	219.59702504455504
4	%	时	s%	0.039999999999999925	0.13	204.9710189000093	199.0719042665746	217.363761123696	0.5457766439909316	1	71.97440994988386	69.59711251266167	74.66346007827869	--undefined--	--undefined--	--undefined--	199.0719042665746	199.0719042665746	199.46570711310846	203.94022061575535	208.41473411840238	212.88924762104912	217.363761123696
5	ow	抠	kow	0.07000000000000006	0.22000000000000008	189.15257629983435	174.3400626372464	202.43990023362872	0.15005773703654463	0.8632414612336905	78.85815270303821	77.29897151088468	80.57050319929499	180.1948487438242	176.3786416682951	176.7765366584924	181.76055490134502	186.74457314419735	192.096094641426	197.48510442243423	200.92664740719025	200.5197256383975	200.11280386960473
6	ey	得	dey	0.07999999999999985	0.10999999999999988	211.51081721309504	194.05197500927096	227.15301950029226	0.9600491587847028	0	83.40168407054982	79.78626751288043	85.85011906860593	227.15301950029226	226.0004535432474	222.88213043281428	218.79123538471802	214.450902323077	209.7646970691388	205.0179573918732	199.97357109726676	194.92918480266027	196.07708854711325
7	&n	很	h&n	0.18999999999999995	0.29000000000000004	241.140863534103	207.83849933729988	273.7988520783239	0.5786849922405333	0.9043740303138799	77.26942293416406	59.223361264331224	83.54319828221668	245.91310780077944	252.31217112472856	255.04550790653596	247.3916691776621	235.45257013639406	215.2114614339046	232.73601046839687	220.10525911489123	265.10690951822295	--undefined--
8	yEn	连	lyEn	0.1200000000000001	0.18000000000000016	202.54725175435505	200.14233763325785	205.27571282563264	0.6866406442168658	1	81.43235586644244	77.8921073465433	82.85778694156444	201.63362413994275	202.24694814501117	203.46724722789173	203.84307642094637	203.20814342790405	202.08278323861248	200.37834471909193	201.4571625299113	203.18525465883312	205.27571282563264
9	yaw	小	xyaw	0.16000000000000014	0.26	242.47093696278333	225.8868458115557	252.78969807308383	0.26183867635146385	0.011444160997732534	82.74346838550333	76.4628503336503	84.30012626130095	252.78969807308383	238.50797883789414	228.70807754948325	230.99288609379326	238.80015041386892	244.9221973249164	248.34714897596638	250.6426513508006	250.36603637125012	251.11084292179322
10	iN	影	yiN	0.10999999999999988	0.14000000000000012	273.4461926031303	261.6914781322086	279.86252665691353	0	0.7441947507432594	87.95737245345308	86.29669649687743	89.34741165479407	261.6914781322086	265.48593380217295	268.11258542620993	271.00015138156994	274.28627697786067	277.01439325307626	279.2525743146699	279.257077227203	277.8181561049062	274.85600294585385
11	ow	都	dow	0.06000000000000005	0.10000000000000009	242.18401897713082	226.25672098432958	270.1321448642989	1	0	82.79573275724786	81.7821414635935	85.4345098293154	270.1321448642989	262.9484183068579	255.46179185977857	247.9751654126986	241.95602496826913	236.49256796915776	231.02911097004593	228.65774064890968	227.45723081661967	226.25672098432958
12	@y	买	m@y	0.08999999999999986	0.1599999999999997	204.8239014920076	196.129652177476	209.5079793733024	1	0	80.39937977004506	80.1940352473566	80.69456702947221	209.5079793733024	207.5014248948267	207.455034613771	207.8480149335249	206.93863158575274	205.7373235574735	203.9225278947788	201.97021904269064	199.14748811850995	196.129652177476
13	&	了	l&	0.040000000000000036	0.07000000000000028	169.69834027486533	161.8414916070099	179.47949835274162	0.7853422815819793	0	75.87721919479688	74.86180548743158	76.99624826688259	179.47949835274162	177.30004251691557	175.1205866810894	172.78914722687253	170.1600492898448	167.5309513528171	164.90185341578942	162.27275547876172	164.2420025316791	167.10012296925717
14	a	把	ba	0.08000000000000007	0.1299999999999999	159.19164531828244	156.6359113943411	162.3578132512905	0.8313643315923039	0.2728883219954623	75.87384977224251	74.9505045030459	76.76805216231325	--undefined--	--undefined--	162.3578132512905	161.5792386255001	160.14804869204266	158.82248515920352	157.75056246255608	156.74291256613674	157.13156596742547	157.52021936871424
15	i	椅	i	0.20999999999999996	0.20999999999999996	165.10277842968623	157.2352698901501	180.28034592410899	0.15453275877847747	0.4138666498151259	71.39975452907906	58.35574515439355	77.38658219816908	157.52021936871424	159.28771915387915	162.33028066116827	175.97585991927565	178.71702834915754	169.2018589805938	164.3365790587783	157.67883440788128	158.2159609256224	160.25032210042562
16	I	子	zI	0.10999999999999988	0.18999999999999995	116.67000814440318	116.67000814440318	116.67000814440318	0.4711915069057897	0.4711915069057897	70.8752438167805	58.967977462672046	77.34594619281702	--undefined--	--undefined--	--undefined--	--undefined--	116.67000814440318	116.67000814440318	--undefined--	--undefined--	--undefined--	--undefined--
17	&	这	z&	0.040000000000000036	0.10000000000000009	153.45420251309392	152.46911968064825	153.92311540155202	1	0.5457766439909246	74.08109637729567	71.9318513453368	75.38131151559266	--undefined--	--undefined--	--undefined--	153.92311540155202	153.92311540155202	153.89181252955748	153.53613931733017	153.1804661051029	152.82479289287556	152.46911968064825
18	y@	家	jy@	0.10000000000000009	0.1499999999999999	187.26896732871276	181.61146487629821	192.12987294735626	0.11831065759637205	0.5183106575963676	73.3406642615474	63.9665254959762	77.77307293728667	--undefined--	181.61146487629821	183.81526836912033	186.32462085836454	189.81168616465436	192.12987294735626	--undefined--	--undefined--	189.70434271967474	189.70434271967474
19	u	铺	pu	0.029999999999999805	0.1299999999999999	--undefined--	--undefined--	--undefined--	--undefined--	--undefined--	71.38191617791969	70.42925461027286	72.50749802373959	--undefined--	--undefined--	--undefined--	--undefined--	--undefined--	--undefined--	--undefined--	--undefined--	--undefined--	--undefined--
20	I	子	zI	0.040000000000000036	0.10000000000000009	159.43041601419	156.02443461221665	161.46029770030037	0.045776643990924584	0.7753982628772242	71.33376788586577	69.89344320003275	73.3005861944993	156.02443461221665	156.66438192792705	157.7527088162502	158.84103570457333	159.92936259289647	160.91783590104598	160.87159457406403	160.8253532470821	160.77911192010015	160.7328705931182
21	&n	肯	k&n	0.05999999999999961	0.1499999999999999	201.25974535762066	192.0269966697463	208.09105899170225	1	0	84.33884815802489	82.78396932583361	85.2913897482251	208.09105899170225	204.84118698353052	202.3522115186898	202.4789973782797	202.60578323786956	202.3367691074934	200.70709916255498	199.0774292176167	196.75057706978558	192.0269966697463
22	iN	定	diN	0.06000000000000005	0.0900000000000003	177.19001522752433	170.38655485623698	181.5949199734018	0.09975074092509742	0.744396000377093	74.90347649738224	71.15561307774982	79.53760193277361	171.95656050897455	172.06346291893806	173.83475319804603	175.60604347715415	177.40243359883507	179.20832811576912	181.0142226327033	180.77863194354012	179.77000523846942	178.7613785333986
23	&n	很	h&n	0.10999999999999988	0.18999999999999995	239.78787915674295	220.80651026297653	254.9980115115095	0	1	83.52538926095195	81.5267268687321	85.77401420619161	220.80651026297653	224.23658661693634	227.78963068094862	234.9896942941942	240.3022556232706	244.23368074280665	246.88056240621611	249.4387856715869	251.97817281028634	254.9980115115095
24	yaN	相	xyaN	0.16999999999999993	0.28000000000000025	208.3518098364828	192.15905778254026	236.19837159463717	1	0.1284180338802151	80.56969993101876	72.98290068142406	82.53031524151132	--undefined--	236.19837159463717	221.03343347507794	208.8116483161971	204.18467725908462	202.77976242606005	203.44909024095173	202.79979024018513	198.72652448141002	192.15905778254026
25	iN	因	yiN	0.20999999999999996	0.23999999999999932	118.82403927383056	86.99176639482152	183.2169373074605	0.5113261391402024	0	74.65562595325912	64.21170735548868	78.37845284156808	183.2169373074605	178.23316300570227	176.58062961370507	139.15030577526312	87.21613082860782	87.11564743404004	88.31279837305381	90.05138772571804	88.18996219804842	89.19113336312932
