interval	rhyme_lab	character_lab	syllable_lab	rhyme_dur	character_dur	f0mean	f0min	f0max	f0min_point	f0max_point	intmean	intmin	intmax	f0_1	f0_2	f0_3	f0_4	f0_5	f0_6	f0_7	f0_8	f0_9	f0_10
1	yaw	小	xyaw	0.10999999999999999	0.25	297.35116139437747	287.46358747462455	302.82981467696544	1	0.18259121830550312	81.77270861760523	75.42306512028405	84.90449473081861	--undefined--	302.82981467696544	301.5904764628056	298.11581691829514	297.70923321689503	298.38248654217495	297.83977543166776	295.99380441104273	292.5393540609356	287.46358747462455
2	iN	银	yiN	0.08999999999999997	0.11999999999999994	249.9076242069771	220.3674838857462	273.60208207844465	1	0	84.64865561425671	81.10310296514476	86.6344806952236	273.60208207844465	268.3104289427696	263.0137099626426	257.5748034623011	252.13467751495935	247.96082808374433	243.79783865695575	237.72595928590314	231.63770864603177	220.3674838857462
3	wey	对	dwey	0.09999999999999998	0.13	184.42278514857009	170.04030438065638	210.90225948661904	0.7519630658144485	0	80.74083017241342	75.2505409355173	84.5375056555453	209.77228575225544	203.57527019374126	196.96211283822544	188.8170137448095	181.70436694076628	176.190745724035	172.7931840496059	170.85189418766547	174.92936015988957	180.58418197532353
4	i	集	ji	0.050000000000000044	0.18000000000000005	177.96863347965302	174.68544814407858	180.72065900911792	0.5860145877282535	1	72.30693639322358	69.4326596789679	74.65820026855069	--undefined--	179.86606467518953	179.60072185732196	178.16405908654727	176.72739631577258	175.29073354499792	175.67706489934602	177.3582629359367	179.0394609725273	180.72065900911792
5	i	体	ti	0.030000000000000027	0.05999999999999994	203.58535802005878	195.59426444454206	211.01842042835347	0	0.467324765882278	78.14735331244415	75.9080219588874	80.21233138407416	195.59426444454206	200.42614329696272	205.25802214938358	210.08990100180424	208.16366721714496	206.06051948910658	203.95737176106832	201.85422403303002	199.75107630499164	197.64792857695335
6	w>	活	hw>	0.10000000000000009	0.21000000000000008	165.57475443884644	150.16017354264736	177.20075129585604	0.9008503401360538	0.10085034013605379	74.34919337473937	68.00798243362107	76.54265087658727	--undefined--	176.92420295197462	173.92953580276108	170.89820015325031	167.77810497509705	165.1680735262646	163.08396271025515	157.71843256547328	150.89476251262255	150.16017354264736
7	oN	动	doN	0.1399999999999999	0.17999999999999994	230.70230581186416	145.84856229324774	287.5515628281197	0.21489310009718163	0.5006073858114662	71.7413890472795	58.86798955086237	76.17066529268179	--undefined--	150.77724341753495	145.84856229324774	--undefined--	287.5515628281197	287.3687029847249	285.9922202617543	280.8014441922144	--undefined--	--undefined--
8	oN	从	coN	0.17000000000000015	0.33000000000000007	167.72935306111728	165.21525418311813	180.33554577466882	0.5620840916104167	0	79.71772188091515	76.1969906002627	80.79528512705028	180.33554577466882	171.96311936434446	170.0449285832718	166.91105532932895	165.5502358942641	165.2637550342514	165.36669199307704	165.512348002807	166.63998272960433	168.0914526709114
9	@y	来	l@y	0.1100000000000001	0.17999999999999994	158.94041281554627	149.64846988054688	164.32487406741566	1	0	80.97914084066298	78.72361603326438	81.92454957066096	164.32487406741566	163.06119043036912	161.5159071696438	160.31211766827815	159.4009950838486	159.20361780485098	158.6895096933962	157.08647364093324	153.84872900422315	149.64846988054688
10	ow	都	dow	0.05999999999999983	0.10999999999999988	146.62505624920772	142.60256043747202	153.77338717705413	0.636424348768566	0	76.05043706454639	71.21386316964892	79.81039399310386	153.77338717705413	152.44675176817103	150.40182951936634	147.6010137898063	144.8001980602464	143.50728397405462	143.80121926125042	144.0951545484462	144.19400609924608	144.08756010546185
11	u	不	bu	0.030000000000000027	0.08000000000000007	139.61743325146585	139.57703853019277	139.73931029215083	0.669501133786846	1	70.75776320812139	70.36889397410769	71.21588927558498	--undefined--	--undefined--	--undefined--	--undefined--	139.57703853019277	139.57703853019277	139.57703853019277	139.630201320131	139.6847558061409	139.73931029215083
12	E	热	zE	0.08000000000000007	0.15000000000000013	137.8705553127934	135.7517203011782	144.55695495769916	0.501694702768168	0	78.53709462532842	76.24772303312224	80.09627616125033	144.55695495769916	141.21258138719037	137.8418924492789	136.56705961038728	136.02694979673336	136.01395192293148	136.54862952369612	137.17538023190784	138.09300380741243	139.010627382917
13	iN	心	xiN	0.10999999999999988	0.27	121.95804526179371	109.71673472621008	133.95377399151965	0.4956741514572902	0.7960517636620916	68.96891334634944	61.736000124131465	72.35179951952748	--undefined--	120.75373189747759	119.91437054339389	117.56110255977319	114.20880684613046	111.8832851621686	124.99415902651613	131.3910169797079	129.50145736794076	129.14475478816843
14	yEn	连	lyEn	0.08999999999999986	0.1200000000000001	206.3488753326761	196.23347789997732	214.04914329942832	0.8507992435810205	0.2231670445956134	81.32205583676343	77.69556808513627	83.33641865951623	--undefined--	--undefined--	214.04914329942832	212.05778126718639	210.0493406583385	206.57609908750229	203.09029490121134	199.82976888279597	196.57117492413943	203.2738440278431
15	yaw	小	xyaw	0.17999999999999972	0.27	252.41930675496656	233.59575029640396	258.2167548755161	1	0.4283227680348199	84.39651587027998	78.93499448573017	86.21771552059722	--undefined--	257.8138007508041	254.58045596453158	256.6927870620597	258.16381784480785	255.46278665762551	251.35759283953547	249.32731781972896	245.36562399627402	233.59575029640396
16	iN	银	yiN	0.1499999999999999	0.20000000000000018	203.1055982009837	191.18221133592738	217.262223350483	1	0	86.69174990345878	82.46915652200998	87.81199557130009	217.262223350483	212.0827398808049	207.11570334678643	204.16322616398045	202.4025299180783	201.09787590405094	200.3929765240949	199.43775780779833	196.84912070522296	191.18221133592738
17	ow	都	dow	0.10000000000000009	0.14000000000000012	191.2273755924461	187.7039800978506	198.01186172151085	0.4470315016252076	0	81.58191072114128	79.62080462353059	84.1124840022705	198.01186172151085	194.82919224186088	191.77463054655118	189.341930439579	188.2150927709761	189.11072865776688	189.73093405732504	190.1615882430169	192.15259594549605	194.55253080916776
18	a	拿	na	0.1200000000000001	0.1599999999999997	163.69449965132318	155.69445500875466	180.9065335032896	1	0	78.57054116404782	75.68125875331641	82.33202828257753	180.9065335032896	174.31481346650432	169.18361098351048	165.53498103795195	162.10706111279012	159.76647085332348	158.53985340406317	158.44021848271873	157.50145347804525	155.69445500875466
19	&	了	l&	0.03000000000000025	0.07000000000000028	154.02883183341476	152.20338442776222	156.8504224427236	0.7465957440711077	0	79.49940184158523	78.29114414112206	80.67373076690745	156.8504224427236	156.09308148452828	155.32899895266067	154.5649164207932	153.80083388892572	153.03675135705825	152.27266882519066	152.71804038000397	153.19507303656272	153.6721056931214
20	&	个	g&	0.03000000000000025	0.08999999999999986	146.14732507576363	143.8701642615116	149.10390722119965	1	0	76.86181908647474	76.49581797823534	77.22152191506892	149.10390722119965	148.297816008289	147.4917247953785	146.6856335824679	146.20919727108844	145.74139066917311	145.2735840672578	144.80577746534235	144.33797086342702	143.8701642615116
21	E	篮	lE	0.1299999999999999	0.18999999999999995	143.26441096302068	140.02067603475336	147.843084027653	1	0	73.61168502924374	70.66098770454526	74.57980775336503	147.843084027653	145.85726025776728	143.48832996308087	141.88051069831764	143.727806320981	144.03351385396158	143.38065859633434	141.97356444023708	141.10027385100275	140.02067603475336
22	I	子	zI	0.09999999999999964	0.17999999999999972	97.99610045773375	94.79832139422378	101.1938795212437	0.30085034013605066	0.500850340136056	67.81810849384807	60.74365672909035	72.65508855025378	--undefined--	--undefined--	94.79832139422378	95.83705574988767	99.39014359823217	101.1938795212437	--undefined--	--undefined--	--undefined--	--undefined--
23	ey	这	zey	0.08000000000000007	0.15000000000000036	131.58308885129875	113.08502130724746	137.39016729570764	0.001062925170070005	1	75.06502111273122	71.07527053137719	77.25043116659668	113.08502130724746	121.56680843274127	130.1305188079989	132.25287922570647	132.1171608899921	133.08280942565676	135.19279103054396	136.85928321238492	137.1247252540463	137.39016729570764
24	I	次	cI	0.02999999999999936	0.1899999999999995	86.51133102695447	86.51133102695447	86.51133102695447	0.6695011337868534	0.6695011337868534	65.29232326905918	63.95817576215613	66.676579110883	--undefined--	--undefined--	--undefined--	--undefined--	86.51133102695447	86.51133102695447	86.51133102695447	86.51133102695447	86.51133102695447	86.51133102695447
25	w>	活	hw>	0.08999999999999986	0.14000000000000057	146.71992345460478	137.22963619728608	151.6118239620249	0.8898337112622767	0.0009448223733955624	73.55322211317497	68.69844224865992	75.98191963361339	151.6118239620249	149.90704295376239	148.1876411821357	148.8142420430283	149.46096299510882	149.4848117250586	149.50331849770026	143.4187407252291	137.28182088976416	137.22963619728608
26	oN	动	doN	0.07999999999999918	0.10999999999999943	139.37888795071382	136.0834548615931	142.38999155889334	0.42235551456609055	0.8122118000753548	76.49716378083048	72.46715458161736	77.9690123649304	142.16876019506662	140.21640751801507	138.24519760325856	137.3051730940782	136.7266407985665	137.6803824728755	140.22617473481344	141.94991772874073	141.07668279640558	140.20344786407048
27	&n	肯	k&n	0.08000000000000007	0.1900000000000004	233.23910781756462	213.5496426804183	262.1244043059594	0.2521494139077538	1	79.40218234964503	77.2800687945203	83.53371912688564	214.77750794604302	216.53646332518875	216.73079135457766	216.68183539664247	223.56556635603252	234.78132862231064	244.35678400328837	251.08388798657725	257.5612045552624	262.1244043059594
28	iN	定	diN	0.08999999999999986	0.1200000000000001	221.4335719484782	175.790408827993	274.6892589448289	1	0	80.370323783413	75.81224084676909	84.35335491488338	274.06383765152987	265.380211358133	256.59299026763796	239.89461285236445	223.12838675506214	211.80901881318857	200.53636492067545	190.37582188064576	180.22481666954076	175.790408827993
29	&n	很	h&n	0.08999999999999986	0.13999999999999968	152.42885420775687	143.83998440597364	166.50617087982883	0.7413957929253824	0.12573122900163072	77.69990712342742	73.94026084575532	79.42579756875463	163.89046162307338	164.41943860031054	164.9243928003056	157.2936646486683	149.5931622058519	146.88321102579863	144.21606045691854	144.72724808191833	145.26569418199432	145.1541064861693
30	oN	隆	loN	0.15000000000000036	0.1800000000000006	142.35722447258763	138.8632358466662	148.03843452271568	0.254014998993922	0.9339002267573663	72.41421013257082	67.4249180006938	75.82502590122759	143.78826423724644	140.83890006935295	139.3362825049632	139.88171269994535	140.89030103508165	140.86889989961588	--undefined--	144.52865179719117	146.8535844019391	148.03843452271568
31	oN	重	zoN	0.07000000000000028	0.1299999999999999	--undefined--	--undefined--	--undefined--	--undefined--	--undefined--	58.23605693976631	51.84481607354687	63.078586703291194	--undefined--	--undefined--	--undefined--	--undefined--	--undefined--	--undefined--	--undefined--	--undefined--	--undefined--	--undefined--
