interval	rhyme_lab	character_lab	syllable_lab	rhyme_dur	character_dur	f0mean	f0min	f0max	f0min_point	f0max_point	intmean	intmin	intmax	f0_1	f0_2	f0_3	f0_4	f0_5	f0_6	f0_7	f0_8	f0_9	f0_10
1	yaw	小	xyaw	0.15999999999999998	0.31	325.1533326027006	313.8468178016698	342.23829447193634	1	0	84.30726427671533	78.36260967268505	86.12969027718509	342.23829447193634	331.0259840706237	325.8639329347504	324.42035843867507	323.9400668717274	324.06028757499536	324.7827724673199	323.8203517478069	319.86084155010144	313.8468178016698
2	iN	银	yiN	0.18	0.20999999999999996	252.63524600037044	211.30361818367268	295.640152778274	1	0	82.43324405639791	74.46403130385507	86.23268057300284	295.640152778274	286.1729578847822	277.15196699355545	268.5112419267037	254.99517142929508	246.40872426487664	240.88497923281898	229.347918648556	217.75527099293885	211.30361818367268
3	wey	对	dwey	0.19000000000000006	0.25	142.0291821653271	82.02861745827711	199.6840794094161	0.6656820622986037	0	72.63704374772276	56.168103629634516	79.97023202163183	199.6840794094161	187.21042822081228	170.9253080602056	--undefined--	--undefined--	89.87898130272676	82.02861745827711	--undefined--	--undefined--	--undefined--
4	i	集	ji	0.11999999999999988	0.2799999999999999	194.1437147701989	183.51650056363601	199.4707412377053	0.851467538736351	0.40377182946473156	74.67632107531189	68.1280911314118	78.4946007716982	192.32438549092552	195.75023621012835	197.8131706762813	199.06515377049948	199.22998718215175	198.11822652992137	194.7514516001618	186.1979744671057	185.9713383964167	187.6972549123418
5	i	体	ti	0.030000000000000027	0.19000000000000017	218.2227001943195	217.9183866707895	218.74441272606884	0.8683563141340289	0	76.80237768008232	73.86913887790602	78.29890302761255	218.74441272606884	218.59810929008435	218.45180585409992	218.30550241811545	218.15919898213096	218.02128639605664	218.02449264938005	218.02769890270346	218.03090515602688	218.0341114093503
6	w>	活	hw>	0.10000000000000009	0.21999999999999997	165.3191332435278	97.82069195879942	184.45763283310316	0.06479591836734627	0.3923256911639391	72.85880245423274	68.5105482028332	75.87884980928831	97.82069195879942	117.58049647464378	164.9846786668756	183.45203811121047	183.94458044746193	181.51427502456335	178.37776329076462	172.27472424482	169.26235276758968	177.41274533265556
7	oN	动	doN	0.1100000000000001	0.15999999999999992	274.6916542393422	177.94195724979602	299.9090465482443	0	0.3316326530612259	65.48135369794312	51.13643968465977	75.38809951470661	177.94195724979602	261.60487689401805	294.39583899513036	299.9090465482443	--undefined--	--undefined--	--undefined--	--undefined--	--undefined--	--undefined--
8	oN	从	coN	0.13000000000000012	0.28	180.31303704986803	176.43483015895507	192.49818493930093	0.6351937055268395	0	76.4530647225163	74.7510896591513	77.6932071578175	192.49818493930093	186.78638894767604	181.83783943375002	179.2139514194326	178.88288847573355	177.1020286174013	176.88180431151702	177.64029214483165	179.09053011050352	180.04841812744354
9	@y	来	l@y	0.14000000000000012	0.20000000000000018	165.78914560547074	121.94895969894742	178.24512346532188	1	0	76.37761077025105	72.09440571462328	77.95005919083188	178.24512346532188	176.17292579213134	174.23674169277263	172.4277398775171	170.22526422805748	168.19760436497936	165.16176659466623	160.34399115019315	153.24391647368668	121.94895969894742
10	ow	都	dow	0.08999999999999986	0.1499999999999999	158.7839165753305	151.77381208327694	166.04482355245057	0	0.9608843537414908	71.54697883509441	63.21166103882172	75.83953420468264	151.77381208327694	154.73047341610518	157.2643323608792	158.83435876629642	158.6303745557966	158.4894123056965	158.46444699720158	159.78541886586862	163.58369539394948	166.04482355245057
11	u	不	bu	0.06000000000000005	0.1200000000000001	168.22098096774135	152.58194492440919	187.37459278716784	1	0	72.35916711876123	69.51414421798147	74.54811865840287	187.37459278716784	181.17553555784394	174.9764783285206	171.09555241530228	169.28638637396543	167.47722033262875	164.35038826914484	160.0459319829693	155.74147569679397	153.97510706188885
12	E	热	zE	0.11000000000000032	0.18000000000000016	146.45950881167624	142.69082495029664	156.66091688915895	1	0	76.35851238241462	74.55745607621567	77.4026055954968	156.66091688915895	153.57746088687867	148.83806116977135	146.1005143429355	144.07816901264704	143.33992639187213	143.59206632923326	144.61996497838476	144.103093435043	142.69082495029664
13	iN	心	xiN	0.14000000000000012	0.31000000000000005	137.3221011053106	131.94040571317151	140.5102358371272	0.046282798833814004	0.47534061057738375	69.96866469011351	60.56507938104392	73.44853103482367	131.94040571317151	133.66896518469568	136.4372650589092	138.73618774159232	140.12901503721753	139.51227200199554	138.7436604424294	--undefined--	--undefined--	--undefined--
14	yEn	连	lyEn	0.1200000000000001	0.18000000000000016	219.60813260667118	212.1371411934758	225.03844971818992	0.9706632653061182	0.09586660563613376	80.10491873812315	76.59487819618323	81.81691890668895	224.19287807406067	224.78804004105496	223.573147529738	221.83757569351872	220.2089092066059	218.6976812583421	217.51105158582547	217.128117711059	214.5416100224837	212.1371411934758
15	yaw	小	xyaw	0.16000000000000014	0.26000000000000023	272.2018961175368	264.8300489028594	302.64360702932163	1	0	81.86085776701759	77.73411256034812	83.38741076203023	302.64360702932163	273.3792451187244	266.79076724509855	266.94746798805005	269.8145826803833	272.6195105444015	273.7677372285382	272.7848614524739	269.90565645553863	264.8300489028594
16	iN	银	yiN	0.1499999999999999	0.19999999999999973	218.5380443376817	199.86384382754443	244.33752280221697	0.9673867285163246	0	80.76902083472946	78.51941359498628	81.82450914288792	244.33752280221697	238.8465580198439	230.94009528925724	221.9451073612187	217.36816513628415	211.28390283528225	209.85247926358636	208.91889635324483	205.32595652907523	201.82061959344298
17	ow	都	dow	0.08999999999999986	0.1299999999999999	198.15713147411532	195.43447574801772	205.79544456033662	0.7065172180382827	0	78.44187543604234	75.6304302365054	80.66452686368532	205.79544456033662	202.86020586644264	200.30577321144605	198.45224442514439	196.95342893395608	196.1074915366714	195.60972182134898	195.75278247717438	196.2465755463331	197.38591957916336
18	a	拿	na	0.1299999999999999	0.16999999999999993	173.88478870091717	167.96484076489708	191.6286154586884	1	0	71.061192551486	68.55555375842762	75.30646238427225	191.6286154586884	184.22125539888447	175.08339962864935	170.4755817014519	171.37736617515463	172.15269660178265	170.4416018402717	171.0240332791354	169.90758412330416	167.96484076489708
19	&	了	l&	0.03000000000000025	0.07000000000000028	162.50309923863068	155.68374141317426	166.00756105264432	1	0	73.42309590120541	73.4185927168153	74.20823364307327	166.00756105264432	165.53097526357647	165.05438947450853	164.57780368544067	164.10121789637273	163.54113522313327	161.57678677064325	159.61243831815392	157.6480898656636	155.68374141317426
20	&	个	g&	0.03000000000000025	0.08999999999999986	149.14173774007403	145.09701391932757	154.07991642769866	1	0	75.1427187376575	74.49920169810312	75.53158388807341	154.07991642769866	152.88084746637864	151.69016589457345	150.64054496461932	149.59092403466465	148.54130310471052	147.49168217475585	146.44206124480172	145.4325182852761	145.09701391932757
21	E	篮	lE	0.15999999999999925	0.2599999999999998	137.39310478205834	135.5384785202386	144.5941691384923	0.33139898835054127	0.9779974489795941	67.79056857854917	61.21954604477925	72.41510916609937	135.6044256901335	136.22050767984345	136.1322937681642	135.65283625002368	136.41184065706398	137.06582628942442	137.61354869278117	137.8285532197325	139.652134148261	144.5941691384923
22	I	子	zI	0.08999999999999986	0.23000000000000043	89.12524338691901	83.19890655121834	95.05158022261966	0.8497732426303819	0.40532879818593637	66.96738512734167	58.76083585342942	71.85192975921788	--undefined--	--undefined--	--undefined--	95.05158022261966	95.05158022261966	--undefined--	--undefined--	83.19890655121834	83.19890655121834	--undefined--
23	ey	这	zey	0.0600000000000005	0.1299999999999999	166.13929537086878	160.91528898651362	173.04986721830744	0.27465986394557507	0.6272722662460543	75.34013956080668	73.21941835354527	77.14200666182215	--undefined--	160.91528898651362	160.91528898651362	163.04483734455795	167.07760524964743	171.11037315473624	171.32563241805985	168.12910859574782	164.93258477343528	165.52934282893864
24	I	次	cI	0.02999999999999936	0.10999999999999943	194.75388947163887	194.75388947163887	194.75388947163887	0.5493197278911665	0.5493197278911665	72.88056556377046	71.7529279551482	74.21092693500854	--undefined--	--undefined--	194.75388947163887	194.75388947163887	194.75388947163887	194.75388947163887	194.75388947163887	194.75388947163887	--undefined--	--undefined--
25	w>	活	hw>	0.13000000000000078	0.22000000000000064	178.50895757973078	166.38078403336985	195.50718790011163	0.9034028655666815	0	75.3549015687793	72.76413278635656	77.3973797386035	195.50718790011163	182.72253409961692	179.40698937208575	178.56310797603444	178.75890748562892	179.1793412699896	179.6567974609443	176.85073202824023	167.03728969281855	173.98174773175256
26	oN	动	doN	0.11999999999999922	0.15999999999999925	236.5760942689243	149.29782547082235	303.02020106651486	0.22066326530612168	0.5539965986394575	73.4246704097878	69.83147818804989	78.41038516182815	166.58313237135482	158.6905304129631	149.29782547082235	--undefined--	--undefined--	302.7999241491207	287.1001874912548	277.6547288071836	274.1716881082593	--undefined--
27	&n	肯	k&n	0.08000000000000007	0.1900000000000004	264.2408639021767	257.90779442754564	268.2355236917068	0	1	81.64133353075006	79.78093564132449	82.38977004161634	257.90779442754564	263.20167064446366	267.3563003873808	264.84957192642565	262.3428434654701	262.5873010496436	263.15093537784287	264.64693900628265	266.6537668811529	268.2355236917068
28	iN	定	diN	0.08999999999999986	0.1200000000000001	215.80163845636102	203.96195970458064	253.60950379441266	0.5030548295675578	0	77.36978706913284	75.5993258242345	79.10880760213576	253.60950379441266	239.24735241242973	220.71753875423147	207.8784860103722	205.51373234073318	205.04200280647288	208.05453508660614	210.75699180443522	212.88872973367447	211.7443205362183
29	&n	很	h&n	0.11999999999999922	0.1899999999999995	183.39303552076686	176.82117631050204	202.77781397006035	1	0.023092934441249085	75.56550021155614	74.5878867386031	77.3373581737923	199.57271729277494	195.99463426237517	183.81665307870577	179.94191285974605	178.25157466962352	178.6539735738255	180.99469238962425	181.7312850409428	180.90496697069761	176.82117631050204
30	oN	隆	loN	0.23000000000000043	0.2600000000000007	145.67352582579366	138.81924817776994	168.1729265646927	0.39301115177488527	0	75.76911913262022	66.79377182166208	78.68481083170072	168.1729265646927	154.36318528962403	143.75344448323895	139.28509414379798	139.3571360102914	141.63531975177665	145.7409764787628	149.205135358205	144.26219632236285	--undefined--
31	oN	重	zoN	0.08000000000000007	0.14999999999999947	136.08456156029007	136.08456156029007	136.08456156029007	0.20599489795919393	0.20599489795919393	65.53830273080011	55.71030476733178	71.20124061345138	--undefined--	136.08456156029007	136.08456156029007	--undefined--	--undefined--	--undefined--	--undefined--	--undefined--	--undefined--	--undefined--
