interval	rhyme_lab	character_lab	syllable_lab	rhyme_dur	character_dur	f0mean	f0min	f0max	f0min_point	f0max_point	intmean	intmin	intmax	f0_1	f0_2	f0_3	f0_4	f0_5	f0_6	f0_7	f0_8	f0_9	f0_10
1	yaw	小	xyaw	0.10999999999999993	0.23999999999999994	263.1234899854474	253.92172290106683	294.78788944261373	0.8246442964902961	0.07786043264933741	81.46980376020537	71.00531802777066	84.52658084989419	280.48672063634194	287.468593859026	268.77560902632973	260.4383225066355	256.22430356724567	257.246956140426	256.6772924929788	254.36366346103475	254.99541395519574	256.5354012095368
2	&N	梦	m&N	0.12	0.19999999999999996	292.91562631331044	261.31070984313163	307.2603561979297	1	0.4806867813855883	78.85420858692095	72.23922444581117	83.82885540295003	296.01539569027767	303.22043239572093	303.91880603191225	302.7302965918169	306.18144835149155	304.9722771479886	297.732057074005	273.5367159129844	264.4082021839266	261.31070984313163
3	wey	最	zwey	0.28	0.3500000000000001	343.04960238561165	300.961348087598	402.6385263796127	1	0.6409303308056684	77.23579574724387	70.61533529327431	84.02569643536023	336.5503313555307	312.14212987283815	313.83884652399	338.0381076668455	336.26183594570506	390.1409869657088	399.68743166777466	357.1122820423186	321.96711614733607	300.961348087598
4	y	爱	@y	0.029999999999999805	0.08999999999999986	282.51418964703424	259.78953198888416	291.1651696454727	1	0.07238380952291763	75.19484692053024	74.15369087159166	77.27477082520416	288.4456971544127	289.30583313491724	290.1659691154218	288.264251247572	285.4419154302709	282.6195796129698	279.79724379566863	276.9749079783674	274.1525721610664	259.78953198888416
5	i	惜	xi	0.06000000000000005	0.1100000000000001	197.12950226197725	134.68013773483574	234.37242506794462	0.8065017686580219	0.1705723319199861	72.80286750855993	69.91817726991935	75.06062889962666	226.20368100872662	233.19128176351762	230.57626361358717	226.58944276298195	222.6026219123767	196.65185780600794	167.5633875202447	138.4749172344809	156.13054883494473	180.46390927629852
6	y@	家	jy@	0.08999999999999986	0.1299999999999999	197.16599367760213	187.26248822434303	213.36567605398773	0.7893903771719427	0.10910522275016363	74.9621043248601	67.89049237100303	76.51132736993512	207.9747006249096	212.124531813207	207.7699948682408	202.87294969529856	196.34837983842831	190.94277512671377	188.89406585046606	187.60160944129757	188.5779116333671	189.82611589476429
7	w>	伙	hw>	0.09000000000000008	0.1200000000000001	195.81178702310032	189.42685496104457	200.83176422865827	1	0.46077674707092053	73.17755851587053	70.70356401230565	75.22028487419387	194.41314954741134	195.45079255537647	197.26090779228167	198.84360573852592	199.74405181278703	199.5104083219207	195.874496135672	192.69626090622933	190.89105654720476	189.42685496104457
8	a	哒	da	0.1299999999999999	0.16999999999999993	170.08740386818238	162.80434507606034	198.2183836716803	1	0.13063137153814808	61.29674964489894	56.05016620724509	67.95753459577851	172.9986420458102	193.79812511621867	180.0068952603909	166.03517378992075	165.49670233761066	164.9582308853006	164.41975943299053	163.88128798068047	163.3428165283704	162.80434507606034
9	yEn	连	lyEn	0.10000000000000031	0.19000000000000017	188.70509966449006	178.42770185264496	199.78873918924765	0	0.7589546011619229	74.36442542084015	69.85869910605268	77.09383051570272	178.42770185264496	182.60964144282332	184.85516598742763	184.48083488213743	186.57681017521452	190.1549693073122	194.87821669739154	199.54859788453012	192.68419429548706	188.45262239981798
10	yaw	小	xyaw	0.0900000000000003	0.18000000000000016	247.7656324447424	218.44547709570497	275.6031631097185	0.7519498579318279	0.07672194094374177	79.19543341274344	73.5501119937267	81.82431317631146	268.15298367557773	272.7938885999706	261.6313942213101	252.68310088235043	250.37741066249376	244.87309538615872	229.77290494039238	222.09260021036528	236.67195262755178	249.0918917340112
11	&N	梦	m&N	0.07000000000000028	0.20999999999999996	390.9239531390052	317.2108222903238	419.25400755105017	1	0.3081214661372998	71.09168183545023	69.80293238400662	71.91774796246634	401.60966556141034	409.19655035960864	416.7834351578078	416.2810957528951	413.0823482802796	406.7743991662182	386.1641225015143	365.55384583681126	342.25285820120945	317.2108222903238
12	ow	都	dow	0.06000000000000005	0.10999999999999988	230.2746335811971	213.28936107933544	253.85657877600218	1	0	79.29485893057223	78.05137183748836	81.04950728278845	253.85657877600218	246.60854691002527	239.36051504404898	233.70146289366016	230.69071026925107	227.67995764484226	224.34662115881218	220.47564490341384	216.60466864801586	213.28936107933544
13	@n	烂	l@n	0.10999999999999988	0.18999999999999995	164.04354881927725	152.85190603405354	185.0844285283432	0.9252893929421	0	70.28057604443293	67.30013492737397	75.20370564299137	185.0844285283432	178.86436504781767	173.55147580470137	168.92803898201555	161.61947950191592	156.73457053522554	158.09764695255421	156.33381987978726	153.06024151672378	154.4140042609519
14	a	哒	da	0.03999999999999959	0.06999999999999984	156.5153432780289	154.47201878308954	158.01749368795595	0	1	68.68470403319532	67.60396478424556	70.1135459100636	154.47201878308954	155.05685954270828	155.64170030232717	156.2265410619459	156.78497349808418	156.94728108201554	157.10958866594683	157.27189624987813	157.43420383380945	158.01749368795595
15	a	杂	za	0.07000000000000028	0.13000000000000034	198.6912608486186	186.9415219364993	210.38340754985026	0.5639394492984682	0.1691506204433647	71.57743295804428	66.40017260156479	75.76140026474853	203.88450715018251	206.2699737300505	208.6554403099187	202.79723895591135	194.19114829061303	188.15157819408105	193.91800271387152	199.68442723366198	196.7890352866988	188.28893856713165
16	wey	柜	gwey	0.13999999999999968	0.16999999999999993	150.82974419737528	122.1902602064606	198.3152626469884	1	0.027764892965250976	66.53993595373315	60.0226865022246	72.04252707505194	193.5438885110071	188.13024352178184	170.4085631682057	155.46913052083107	150.52220438449382	141.82944089515553	134.1584744855635	131.51891727327467	125.19138216379227	122.1902602064606
17	I	子	zI	0.029999999999999805	0.14000000000000012	114.80684685981178	108.12252181744265	122.51863296810359	0	1	64.12463331986201	64.06759441570325	65.07586318875974	108.12252181744265	109.52638285337207	110.93024388930172	112.33410492523113	113.73796596116054	115.14182699708995	116.89796039847877	118.77151792168694	120.6450754448951	122.51863296810359
18	i	你	ni	0.20000000000000018	0.22999999999999998	241.44284526013	204.3770400309353	258.726846064498	0	1	68.18818093016509	35.7917247659029	78.33611726980877	204.3770400309353	209.27178566596217	214.16653130098902	250.81257858128478	255.91466139880467	254.72370043882984	253.265834936727	251.96438170732014	253.61969684399875	258.726846064498
19	E	也	yE	0.07000000000000028	0.10000000000000009	269.3213418635393	263.80923426515045	275.00784055932337	0.22054464725487133	1	83.08349354497399	81.45020886499516	83.87403460044025	267.2748071240305	265.7577657707432	264.24072441745585	265.59030703605686	267.8954309786203	270.0786237588686	271.70093319246746	273.32324262606625	274.35621081795426	275.00784055932337
20	aw	要	yaw	0.06000000000000005	0.10999999999999988	240.80994597296637	222.56598836971827	262.6921828127666	0.581777045421949	0	74.63350735038881	72.09744778156286	78.1406474920976	262.6921828127666	254.45926789288185	246.22635297299712	238.8178046142703	232.78320052413824	226.74859643400615	226.82467630260942	237.08522943576747	247.3457825689264	252.3612532548419
21	U	注	jU	0.1899999999999995	0.21999999999999975	320.84361034338673	228.18049657446284	367.4970317921783	0.003420717449733143	0.9757652344425	75.47287814294052	68.19610504150221	78.17671793066026	236.02224160796771	270.28347870823677	288.1966941353872	311.09930879467356	330.23995157960167	340.9067050259854	341.7295752325369	348.13441149957833	357.77124604831056	365.3794170873052
22	i	意	i	0.040000000000000036	0.040000000000000036	331.59368989366595	277.42818051641706	365.3794170873052	1	0	76.13189430318096	73.46652787029797	78.65753672270066	365.3794170873052	361.8714951968542	358.3635733064036	354.8556514159521	350.5458428304173	334.20773381861585	317.8696248068165	301.5315157950129	285.19340678321146	277.42818051641706
23	yEn	点	dyEn	0.15000000000000036	0.1800000000000006	279.07548676084775	262.9266889860045	306.08102517980416	1	0.09260963586540287	79.38021151194663	76.66168881822111	81.97998289609889	292.5070739091988	301.01510048122884	294.27124531086173	285.4304557155171	275.75007035125896	273.58794344188993	269.6451692685745	266.08570025646486	264.0862863972219	262.9266889860045
24	a	啊	a	0.10999999999999943	0.10999999999999943	241.06860836511544	208.73586374477435	262.9266889860045	1	0	75.05960298446941	71.72676304594452	77.6597290416667	262.9266889860045	260.5275442361102	257.58103614771403	254.21853192205654	244.11713150482	231.9587892366168	216.07126170244405	225.4719461991718	246.58168101616246	208.73586374477435
25	I	子	zI	0.08999999999999986	0.1299999999999999	197.1368342026248	192.910304978463	202.86954148862765	0.6192905000828682	0.19757944622018414	72.34954597880039	69.91187911481225	75.20021181599542	198.3921709838473	201.78342486909816	201.84218098264438	200.8597164641619	196.7535900495945	193.7732844740496	194.17044141557304	194.39101220778034	194.08182455203917	194.11321224650308
26	wo	啵	bwo	0.1800000000000006	0.22000000000000064	211.33145099540516	205.39996823670637	216.23663129595025	0.6465282521076627	0.23249366490982423	72.49011406813919	58.35330988290961	75.68362839852577	209.04787581822964	215.45629243448388	216.1660006254183	215.6404205278486	213.36788264925195	208.2898370300953	205.92708629001987	209.2733047059781	207.79869716091162	210.2915760813117
