interval	rhyme_lab	character_lab	syllable_lab	rhyme_dur	character_dur	f0mean	f0min	f0max	f0min_point	f0max_point	intmean	intmin	intmax	f0_1	f0_2	f0_3	f0_4	f0_5	f0_6	f0_7	f0_8	f0_9	f0_10
1	yaw	小	xyaw	0.14	0.2799999999999999	239.52391349126347	218.3776867223954	266.77974633705026	0.8924357241074344	0	83.57883810605144	80.74216744133061	85.56745192854932	266.77974633705026	258.9374874564528	252.70089675448565	247.6806893584996	243.02974912001213	237.61743180519792	230.53467781510471	223.2247013106216	219.61634755530181	218.5498002700033
2	iN	莹	yiN	0.19999999999999996	0.22999999999999998	191.09950154663545	176.87999389784395	213.9912842807724	0.3376220093118693	0.9371301426333764	83.31512314732011	78.53838271501348	86.32354685862161	196.7646338847556	185.91649744324528	183.46334288570705	177.1522548336645	183.41161033421903	184.99110443283536	195.04883254734605	202.52847039453007	205.62406285985097	203.07315952801395
3	wey	对	dwey	0.1200000000000001	0.16000000000000014	245.79462512397075	178.04976720227646	269.3169365812942	0.9381970895392546	0.6304448057224867	83.87655811281546	76.40696059386926	86.26617474626241	229.49330493845986	250.10923044594577	253.46522185425312	258.1171802898424	263.0629411760405	268.2753651821115	268.10405525258676	242.70223657655887	185.32265527807982	199.26978178763977
4	i	集	ji	0.07000000000000006	0.18999999999999995	213.30488846293443	198.9681181263065	222.45594319662246	0.9777254452614387	0.3272523406892211	76.39459002211389	72.65951674360554	78.74584888137588	216.41523571549988	217.61383193573744	219.35158264872527	221.08933336171316	219.84312333427215	215.15388168325887	210.4646400322458	206.15252910849767	201.88567387202133	200.12593245503484
5	i	体	ti	0.030000000000000027	0.07000000000000006	226.21087103590014	200.6023886091088	241.35871166218254	0	0.8461335557700042	82.34527845265211	82.10956236932974	84.47237635663262	200.6023886091088	207.66423707485163	214.72608554059386	221.7879340063367	228.84978247207954	235.91163093782177	237.0504371612762	236.21489597063425	235.3793547799924	234.54381358935046
6	w>	活	hw>	0.07000000000000006	0.19999999999999996	220.02132417292611	203.39202153831826	224.94700978824596	0	0.5837816762156345	78.21335586521592	73.2279335934328	80.94357479135326	203.39202153831826	210.8030004513395	218.21397936436074	221.46062131117563	223.3191509359215	224.6810291436386	223.75831083302324	222.83559252240784	222.0500309016052	221.35321772715187
7	oN	动	doN	0.09999999999999987	0.1399999999999999	243.168083718958	217.0808832355369	260.65558834616934	0.9172821420191258	0.08141991050902642	82.41684237870865	78.73542328977754	85.14385358396179	256.5897376416673	258.9281120558205	253.6450179049491	250.93493394599219	250.5528115892435	246.30892793484335	240.6002382709894	228.66717273230591	218.4148296389186	223.46029753750847
8	oN	从	coN	0.11999999999999988	0.17999999999999994	154.54803057540636	141.47432496588033	190.55953887870484	0.4512046324494039	0	79.18032540426258	76.46570490730285	81.51293067340961	190.55953887870484	170.23934934858295	154.38511740871178	146.4075943131663	142.87289737487788	144.37525902354912	150.92339963235509	154.7969261194066	154.79916768190463	157.12217547364364
9	@y	来	l@y	0.0800000000000003	0.13000000000000034	167.77761618565282	157.2855682328513	174.9778624364987	0.9629296423693471	0.21968097532646588	76.67532230558899	71.1048722676799	80.67925521209911	173.1395212434448	174.07326716036593	174.94908539144936	174.0291453615642	173.10920533167902	168.45512536570257	162.75548621762027	159.42346677635015	158.180523546973	157.67088043562057
10	ow	都	dow	0.0900000000000003	0.14000000000000012	174.7805180143122	167.97179012118107	183.1108104952784	0.9017879410777111	0.09879029663771698	78.18823900136441	69.35891175087572	81.57884141573219	181.49928406546184	182.6913375839895	181.0856367120111	178.6189186199494	173.5691488676389	169.9845491306409	170.79545943958001	171.06703093283534	169.72058597903964	170.21308711554957
11	u	不	bu	0.10000000000000009	0.1299999999999999	189.60951200000466	184.75154887261823	191.1812885507488	0	0.4925413539775909	75.45760880574875	72.47214580330969	79.72281592010715	184.75154887261823	187.78409878545799	189.6895733589816	190.76465730102854	191.0884354336443	191.0127981465752	190.785658458936	189.5521791376948	188.4862480619653	189.16432044280697
12	E	热	WE	0.0900000000000003	0.16000000000000014	198.47793619645353	189.54812915779266	203.50611116600106	1	0.5801901905711817	79.8677450417334	78.5419053775941	80.45600427437114	192.59592651725978	195.3286749618651	197.86964697616472	199.83528969954784	201.54871562057735	202.50549113454645	202.44811384791788	199.3482781594969	195.5283469461036	189.54812915779266
13	in	心	xin	0.2200000000000002	0.33999999999999986	186.17642063475873	179.40434749867742	219.12733314569303	0.5132257869345868	0	75.781697174103	66.30512715462876	80.89200632907878	219.12733314569303	195.50792793681381	182.97924866239137	185.14212356223555	181.48359348141022	180.44381648792282	180.68166641421402	185.6552611269707	187.50331678161785	179.41473086469145
14	yEn	连	lyEn	0.25	0.3299999999999996	205.05278366140007	189.54938872003413	214.29220261352825	0	0.8350705431796293	80.0742844486713	73.18084432156715	83.54510577456392	189.54938872003413	194.7087780537056	200.38675953176053	204.22291105421803	208.48084172630973	210.7923508608255	210.98802533088087	211.92950741340533	209.5715751460778	203.84920936599357
15	yaw	小	xyaw	0.0900000000000003	0.15000000000000036	249.24621792415834	221.06554358932155	276.60581084679654	1	0.14763093487401088	83.38124843533849	79.87674754484605	85.87506528249175	250.63187823478455	271.3634348281957	263.2658849053654	256.16747665644016	252.06649342923265	247.89440389367562	243.50899543307193	238.2903048390659	230.5717678448558	221.06554358932155
16	iN	莹	yiN	0.21999999999999975	0.2599999999999998	178.33166307400774	156.60965252377463	214.7590289314428	0.2898065656928389	0.8282257171163829	80.2430102939066	76.49911482707368	82.42642403422012	170.26890538431817	162.36655450205365	157.92185422236815	157.2579306271175	163.02522629826515	174.49386465097018	186.16555498253098	207.16168463702343	207.05020703588718	207.9335599983427
17	ow	都	dow	0.14000000000000012	0.20000000000000018	203.12598131002727	193.1318133043001	217.10556697829793	1	0	80.2392459471419	73.60598875474605	81.73614608615185	217.10556697829793	209.79213785463696	206.65243833864733	203.64411679689613	201.54217257086154	202.2411739365953	201.7475554668553	200.31871755194405	197.32703057474325	193.1318133043001
18	ia	提	dia	0.1200000000000001	0.17999999999999972	189.91379217540214	180.38257524182353	196.56282165505914	0.9620994904538559	0.17344459821924843	81.1652689436391	74.02910238015488	83.63008146821963	186.88916887791342	194.08991960412442	193.85375105751828	190.6329723440013	189.12736026275255	190.46322968332842	192.09554963311552	189.41563103922337	184.8707388938026	182.02119402690676
19	a	哒	da	0.04999999999999982	0.08000000000000007	197.29288152145986	194.55754383833127	199.31734982823883	0	0.5838441733353171	79.159989464065	76.84789580949668	79.76882315533479	194.55754383833127	195.36319242245784	196.30416707733156	197.3180096164537	198.33185215557583	199.25898374315597	198.5386072514394	197.8182307597228	197.09785426800624	196.91089978554797
20	a	杂	za	0.0600000000000005	0.15000000000000036	230.00752873779868	214.86803865761922	239.5847509382708	1	0	83.84923606612874	81.396769834737	84.6808863286049	239.5847509382708	238.9953211633548	236.8860133858851	234.5595801794792	232.2331469730733	229.5372353615801	226.7885411207882	224.03984687999633	219.5764234268342	214.86803865761922
21	@n	篮	l@n	0.2400000000000002	0.29000000000000004	187.83179253784084	169.83523796564344	205.19609716213583	0.26386868828555465	0.8123290997398458	79.20823491707996	74.50040155236123	82.80522305076707	191.39733864072588	176.9364871591153	170.61682107406338	171.91265689174514	183.5970634474044	194.1519962626061	202.22769951012813	203.3442294691255	200.74912954193212	184.79630158499018
22	I	子	zI	0.16000000000000014	0.20999999999999996	178.21958409298838	142.69385243452703	202.85080891950082	0.8680750938359897	0	75.34777368722462	68.01415511150336	78.7091625463316	202.85080891950082	186.14749244960421	185.7358203865046	189.64392623488857	192.42310063140954	194.86379679439233	179.38864370143463	153.05656010027846	146.6245134314703	166.5678515257823
23	w>	果	gw>	0.10000000000000053	0.16999999999999993	208.23451433682206	202.77435961569878	225.96821143242306	0.25140078261250176	0	76.88132899586746	70.91973102818693	81.05717753266279	225.96821143242306	212.51395526695995	205.54273028269304	207.34266513181052	206.68325215465484	204.54823048173492	205.69500091126662	207.5138352445612	208.3937907952548	208.69023029818646
24	I	次	cI	0.04999999999999982	0.09999999999999964	297.6531939290443	258.6169187178292	333.09411324803426	0	0.33419269760022746	82.22156642449796	80.19473691193612	83.2558889287746	258.6169187178292	301.23907759615645	315.0169576071742	313.26330284348444	311.50964807979506	309.2792569876976	297.99087565586456	286.7024943240316	275.41411299219857	272.20348956311955
25	w>	活	hw>	0.09000000000000075	0.1800000000000006	200.04948048435483	184.73956331757597	215.18264549777865	0.2108783078671197	0.7637107602316517	78.42206179940844	73.42225755447826	79.86267599862909	187.15520462373615	187.81144687392032	187.0808298659583	188.82010278781505	197.96904549912804	206.1203692125678	211.27883593238488	214.14137901837609	210.1161512028873	206.1059057083134
26	oN	动	doN	0.10999999999999943	0.15999999999999925	273.3466559971723	263.7133319869197	279.13693289125536	0	0.6004302409130555	85.49381072680099	78.81455433780727	87.6401196995886	263.7133319869197	273.77263508296124	274.0709949081262	273.2577994170131	272.6867812917164	276.8947904421101	276.40339328459066	270.7650273136427	271.3654739997238	273.0307969168503
27	&n	肯	k&n	0.16000000000000014	0.2400000000000002	257.35717592506586	227.49117532624786	269.9251124974004	1	0	82.59656799130434	78.38112569259705	84.63759465670427	269.9251124974004	266.23759235854413	259.16665478975864	261.611501419848	260.8418147820002	262.42630133886763	260.7459886196078	253.29436826512242	242.4131098993659	227.49117532624786
28	iN	定	diN	0.11000000000000032	0.15000000000000036	168.50123997654438	149.12271261569362	205.42477103260381	0.9247561186376195	0	79.32946810965254	76.0238189584264	80.56389081806498	205.42477103260381	192.55176347793716	180.92786555253778	170.2532909453795	165.42290357014576	162.02531321891837	161.024675222182	156.1686379383271	149.53734822053883	152.31960178125811
29	@y	还	h@y	0.08000000000000007	0.13999999999999968	172.1598054221109	163.86877843398597	177.59842324110318	0.8512383872386945	0.18650620297823145	76.41718769876736	74.83424983255608	78.34987180123285	172.0590372715718	176.50884640089347	175.705915240141	174.9029840793886	174.4938995326545	174.12555773909472	171.0468087083551	166.54832255337857	165.4982707075295	169.48823823655673
30	@n	蛮	m@n	0.1899999999999995	0.25	164.9877011941416	143.5180384308927	178.1455765371675	1	0.3063021632522626	77.388278044685	74.680478897665	79.14169764832299	174.20682010271668	176.9334827114174	177.50514464499363	177.53268432741316	173.22994810488635	166.87934855848758	157.3243647130012	150.1356614511916	145.66415312683333	143.5180384308927
31	E	热	WE	0.09999999999999964	0.17999999999999972	171.2745217859096	132.96129800129293	215.78602834611212	0	1	73.6946488896938	71.1628626746463	78.92755132429063	132.96129800129293	135.5311814166688	140.51946624213534	148.77970591654653	161.95263365941054	178.07317424334587	191.0743161965795	203.25703525610984	209.32719558788946	215.78602834611212
32	aw	闹	naw	0.11000000000000032	0.15000000000000036	205.35593242602786	170.73893692620672	235.14940032535384	1	0	82.14130475421099	80.5440742143463	84.06969674672276	235.14940032535384	232.57024960749087	226.30217923638048	217.23052992880142	209.27865529253086	201.23682835559532	192.78511695603848	185.78272407308594	179.47357211209513	170.73893692620672
33	&	的	d&	0.13999999999999968	0.16999999999999993	160.02000163949697	149.90338596656485	171.9651020106853	0.7350609516798954	0.15301572066886857	70.82563343061878	59.77797145226964	77.18793427567783	161.75021706315516	170.552229412295	168.29024280848927	165.55064215414916	163.11430017996	159.54315520978002	152.28909179077772	151.9286251034309	152.4100848088811	151.06564093547118
