interval	rhyme_lab	character_lab	syllable_lab	rhyme_dur	character_dur	f0mean	f0min	f0max	f0min_point	f0max_point	intmean	intmin	intmax	f0_1	f0_2	f0_3	f0_4	f0_5	f0_6	f0_7	f0_8	f0_9	f0_10
1	yaw	小	xyaw	0.15999999999999998	0.3	265.8967352526909	253.22299110515092	277.0636599236848	1	0.07778442345956414	78.95115675666547	73.02954569887032	82.05739593631043	274.6246881248468	276.64728400361923	270.0750623293689	266.6006880303509	265.49866117024277	263.27040738728994	260.4491438060543	261.85866462382074	264.31731611818367	253.22299110515092
2	iN	英	yiN	0.39	0.41999999999999993	240.21209130020316	203.04244675010344	259.29818355484963	0.743259919437687	0.5008212615700992	74.06634771273264	51.03905938284726	84.07019249991373	241.5996426798999	237.96119672532146	227.82139018256547	233.14986203921765	246.79628356138696	254.72848473876672	249.12429966838764	224.30764748401384	251.1327492047566	252.13758721893709
3	i	体	ti	0.08999999999999986	0.20999999999999996	244.9255937559975	123.95462978536293	283.89125667377624	0.8909605591079723	0	78.63412372480325	75.59384350559893	80.73531842755979	283.89125667377624	281.92778141588855	280.4627744727558	280.4931724738879	279.92852011287147	277.5787166654103	257.0998318762637	182.2337030620802	136.8739085366263	180.03311687734814
4	U	柱	jU	0.11000000000000032	0.14000000000000012	178.8578756170654	148.41475573582582	209.8389292419139	0.9108740183021772	0.10777694928204037	69.70721718914788	66.16582544523071	71.23586752043111	202.73172776339803	206.83738921048237	200.23116342651565	185.4839033469515	179.57420872609723	174.7118119509152	170.80480349503796	161.11082116455916	148.87780339862525	156.17654291217664
5	I	子	zI	0.07000000000000028	0.1299999999999999	166.1646266140732	130.996647772303	195.75656901222396	0.6933815592593131	0.0624941292520297	69.53752415031784	62.04570912796057	75.1386219087169	191.49547001692264	195.11260905687612	187.4057748634797	179.69894067008414	167.54180817190297	150.2497160912748	132.95762401064783	143.64374123476946	157.6872435754611	169.71255899439583
6	w>	果	gw>	0.3500000000000001	0.41999999999999993	185.90877426700385	139.00472730881472	278.3000466207491	0.0655972612658319	0.9197571117025087	71.06031428889094	60.22059301690858	83.58135984398528	150.4824615469156	143.79951907624596	146.62534250330424	141.58392267701078	143.13358874706427	163.26303195869636	208.99255917965021	245.70857738254549	274.79502967679093	265.3659501117304
7	i	细	xi	0.06000000000000005	0.27	340.3195337670177	297.0537596068932	370.52365734105473	1	0.14769211561260012	78.99248228220709	75.0128944846459	82.97756400251212	359.98507572533555	369.25190495570325	364.2451675753363	357.1993492505793	350.1535309258228	339.55109247613126	328.44056543716346	317.3300383981957	307.1270731596572	297.0537596068932
8	a	啊	a	0.1299999999999999	0.1299999999999999	269.2205953747519	263.2598084845137	297.0537596068932	1	0	73.26789552457542	59.8577888041303	81.77168664074549	297.0537596068932	279.84579702929756	268.7248167526201	267.94410128574776	267.16338581887544	266.3826703520031	265.60195488513074	264.8212394182584	264.04052395138604	263.2598084845137
9	yEn	连	lyEn	0.08999999999999986	0.16000000000000014	240.53580220165634	231.20527269388225	252.65087808370612	0.7282001365803887	0.9954610317276898	79.59888293894036	76.39985370688434	82.07164208888338	234.6514282789832	236.31359059785325	239.50508833878774	242.35430099246273	244.17665838435855	243.77236124356745	236.68810050471518	234.01056401639497	244.55320027966846	250.7363102258562
10	yaw	小	xyaw	0.14000000000000057	0.22000000000000064	279.8942533330663	255.84079941685985	319.4511189592936	1	0	80.46787893629984	76.43695036622643	83.07707804718531	319.4511189592936	295.65337095067713	284.79978786601254	280.2973899535844	278.15484501647734	274.2986625339683	274.34732128705286	274.68950479238333	269.0283088382923	255.84079941685985
11	iN	英	yiN	0.4800000000000004	0.5099999999999998	264.39293757574404	231.40896609105636	293.7420659230266	0.15595303569209115	0.8345746682510528	79.54377598580359	72.07968909799027	85.78999062928774	236.5415308947241	236.90250472499247	235.6266492326468	253.12428244530287	265.56074800474823	276.5057070369371	285.3356857740392	291.6469441040446	293.10577882042946	252.48820832715325
12	ow	都	dow	0.10000000000000053	0.16000000000000014	240.8738867718336	232.1423652236166	254.89712806707956	0.6185314596481961	0	74.89373641685962	69.57298963994084	77.57262719958253	254.89712806707956	249.0780909024607	245.17259192180657	241.11446710108552	236.91825223458946	234.53126121616918	232.83052751943302	238.35757199597464	243.17596537354325	238.93154858158104
13	@y	开	k@y	0.10999999999999943	0.27999999999999936	214.92186879035953	184.7779041283405	232.713621515339	1	0.1789330276345676	73.70653600603686	71.22487576957624	76.06406807935645	224.67863289400287	230.22836631374417	230.60145587570656	227.0402961057589	223.50721750834603	218.0110641586817	207.82883283686687	199.26619398205392	191.56264308818928	184.7779041283405
14	a	哒	da	0.03000000000000025	0.0600000000000005	159.65530024731365	154.19599229223527	168.77875548122708	0.397646651772462	1	63.352556637501145	61.11387944779257	63.79589448962171	160.65161739550743	159.6270570465351	158.60249669756274	157.57793634859075	156.5533759996184	155.5288156506464	157.9738915469692	161.5755128583881	165.1771341698082	168.77875548122708
15	a	杂	za	0.07000000000000028	0.13999999999999968	243.31297446895576	232.0400552165842	254.56723446607404	0.501363451600194	0.882006955718352	74.42113700944016	72.68860060304833	75.51978177749757	240.50061804310982	242.72871722337914	244.9568164036481	241.65737862135884	236.51542851821748	233.7912585059891	242.18887691196113	250.58649531793435	251.8234680691637	248.42708186732347
16	E	椰	yE	0.17999999999999972	0.25	226.56150244428585	214.74300657617607	230.3635759250132	1	0.44241892899423035	76.92211121184607	70.0407054156428	80.8216666054782	224.30581507216638	225.50339675898405	226.2599544188596	228.26786034173037	230.1493520637437	228.8162754590214	228.6961219803489	227.02665806291867	223.86782877120942	214.74300657617607
17	I	子	zI	0.1200000000000001	0.16000000000000014	213.0589780106863	200.03515124955453	256.6584396870015	0	1	68.26721173230885	58.770125941317986	71.7060892376099	200.03515124955453	204.44992342941407	206.15620941377605	207.178728162428	210.57315260807312	212.1363805743016	212.2698493749994	209.81459728149005	229.06853615539342	252.14350686313938
18	i	你	ni	0.22999999999999954	0.4299999999999997	306.85530008252476	300.4737965062225	321.0968131848146	0.5979758955884813	0.10435985099846201	80.57974001869837	77.22462013202839	83.65039254131634	302.01908079212427	318.0613322345892	311.61285118296814	305.8992042866927	302.27431374642686	300.9527089679256	301.24838157270574	304.5053893720633	307.43691393201664	312.1204334966711
19	E	也	yE	0.08000000000000007	0.11000000000000032	306.6753082125535	275.40086790893076	324.8932554117247	1	0.3893799217722035	76.10059218333805	70.0897690985032	79.76555204210521	315.02326927737914	315.9877783032271	317.0089016381557	319.78506855458005	322.5612354710051	313.45440807569014	301.02034227308843	291.0554847307311	283.26934035917714	275.40086790893076
20	aw	要	yaw	0.11000000000000032	0.16000000000000014	323.72743419779005	170.18712945302153	370.0329181680822	1	0.3654810305352872	73.15036361262028	69.26263814748944	75.82102694709263	317.97670917375183	339.2127105911358	359.6497884370515	366.3786121727929	366.72229551100503	352.9033444349472	333.86510839062703	309.11051261916623	237.77481383623163	180.95742025224786
21	&	克	k&	0.02999999999999936	0.0699999999999994	262.8869989333857	249.5386770060959	276.23532086067496	0	1	58.07238878197983	56.64341788649362	58.70881579538295	249.5386770060959	252.5049707677161	255.47126452933625	258.43755829095545	261.4038520525756	264.3701458141958	267.33643957581506	270.30273333743435	273.2690270990557	276.23532086067496
22	aw	搞	gaw	0.2600000000000007	0.34000000000000075	290.4196603984899	253.16194846106424	323.38201195815384	0.29249943253217076	0	80.52166776831214	76.63687291352714	83.79819756055151	323.38201195815384	304.5001623547211	268.0553355176394	257.5802331676444	281.3771190616654	294.74710771923264	299.22780998853574	303.34285182791024	300.7527113912526	295.34981222566824
23	yaN	两	lyaN	0.10999999999999943	0.14999999999999947	286.5956033730491	272.0051165582471	317.49600420388145	0.7430530328664201	0.9435713103082594	77.33166265750096	74.11524840846955	79.47875054252262	287.3659429249999	287.7655447493494	286.07066301466404	284.3173558395545	282.91705827475573	284.4221418154862	281.98917125454943	275.24309382035915	295.2820053993713	304.06698925200385
24	y@	下	xy@	0.11000000000000032	0.14000000000000057	206.5508188394822	172.61058073996585	241.19814799426368	0.8404954648613749	0.21423326986060398	75.27547180728803	69.74287261210047	77.77359447404237	228.3173546199082	232.36768191189594	238.88753526308167	229.28419586162966	214.39688880344016	200.21493517955466	187.14472087332305	175.292125819764	176.7692364402256	179.8873181817313
25	wo	啵	bwo	0.3100000000000005	0.33999999999999986	221.849276369995	185.45419627599009	249.80287202236275	0	0.5870508710020012	68.95624141869884	51.159423134668735	77.02793967094726	185.45419627599009	196.36703202605355	193.8481037702366	217.52000641238226	234.0378308219372	245.91555046826758	235.29274996681121	212.41576980180287	241.15524389004887	241.15524389004887
