interval	rhyme_lab	character_lab	syllable_lab	rhyme_dur	character_dur	f0mean	f0min	f0max	f0min_point	f0max_point	intmean	intmin	intmax	f0_1	f0_2	f0_3	f0_4	f0_5	f0_6	f0_7	f0_8	f0_9	f0_10
1	yaw	小	xyaw	0.13	0.24	224.69019909572162	212.32031137607703	236.49682429576796	0.8315881651672579	0.0890783912670347	80.17111162403066	74.75639148343676	84.3414416271129	234.32324310233972	235.76380297254198	231.63684853193956	228.10075068190298	227.51463069763892	220.43829193017226	216.9755832570555	215.79809227318066	215.23452964860897	230.7543770288978
2	&N	梦	m&N	0.15000000000000002	0.19	267.28649037355547	252.41023344548623	300.37871171277453	0.16138170661491846	0.8491762796126807	84.70962318504068	80.6569231840449	88.68138499179076	256.45364345401146	257.14636208522154	257.44230206748625	268.4823177014661	265.9345208412935	265.2073208380729	262.8831493481106	279.3638721411668	288.7792301272668	259.1403561187929
3	wey	最	zwey	0.30000000000000004	0.36	301.93614281959236	270.15350396631743	336.9952888185262	0.08445724700115878	0.5787396381837832	84.68002639585588	81.16687354313476	88.04257856767649	281.4296356249074	272.2897782524647	279.8520121068434	291.1534378761717	313.7051212503435	334.2393094134336	326.0195126622388	313.31717640928014	301.70264874629294	287.26986430331647
4	y	爱	@y	0.030000000000000027	0.12	217.3988517916525	138.01986688746283	288.62418373792417	0.9417287237995241	0	82.33378511938047	81.12623014168076	85.4274858366547	271.6734985990818	272.3864577921987	273.09941698531554	256.39262697143204	233.87925388854873	211.36588080566537	188.85250772278107	166.33913463989677	143.8257615570144	152.72095800623114
5	i	惜	xi	0.07000000000000006	0.17999999999999994	205.72515012170098	182.74272739555747	231.1804597579054	0.9625156480597165	0	74.47636653245922	72.59515086175739	76.85545996250679	231.1804597579054	223.4967351455403	219.18667226317405	214.87660938080774	209.58406074824833	203.15787471161931	196.7316886749907	191.42513940927196	186.2529465560626	184.4474497475062
6	y@	家	jy@	0.10000000000000009	0.14000000000000012	169.80563490106664	155.21788875631194	190.48611510486705	0.7126792556491461	0	77.57744692184859	73.7309424559684	78.93554076814809	190.48611510486705	190.21677503374468	185.0451312853241	173.24095903232273	165.20428442344038	159.42810840102936	157.2513441622499	156.02562874416773	162.1138653050463	168.94766336576922
7	w>	伙	hw>	0.1100000000000001	0.1399999999999999	184.56192716457153	176.81650805296454	189.38257260747073	1	0.7113273166374994	78.31939291129797	74.56506329798617	80.48307012754877	186.4479850782074	186.57589856997683	182.72580102891965	181.9772712816673	182.6145666728065	185.99722187950667	187.8873110341291	188.1426849888567	182.6408232946982	177.75142326625854
8	a	哒	da	0.1499999999999999	0.18999999999999995	161.69412558759134	110.60858394901409	189.51864428396993	0.770636348114503	0.979174328691441	67.37591660392536	60.48395723556078	77.2209791344516	169.8435657666501	184.78959603748518	169.87478966443467	164.3487459157162	162.47616403552774	160.60358215533932	153.02849853491296	113.13923838646703	166.86994195203218	180.1180062861995
9	yEn	连	lyEn	0.10000000000000031	0.16000000000000014	174.81445172500014	168.58496068197564	183.05923392680364	1	0.7438080569080928	78.21592243925346	72.4370323722023	81.54425969262498	169.6390783104331	171.32482957544704	172.86530665686757	174.20923631342626	174.95037018640588	175.329826589238	178.7885244286583	182.60160190360355	174.76176055224263	168.58496068197564
10	yaw	小	xyaw	0.08999999999999986	0.16999999999999993	227.75696554531586	209.57972308765977	235.69801492720367	0	0.2763383315774481	83.07440579970364	77.96200560799373	84.61225479007177	209.57972308765977	223.28027646359936	233.0371917931488	230.96319298352998	228.99710163787773	227.35473268412562	226.5880895817514	228.44862403351033	229.9410344720033	230.32907287069847
11	&N	梦	m&N	0.18000000000000016	0.26000000000000023	317.613909056274	263.94673835830434	365.21671502625793	0	0.6989505657602658	83.60795284409956	80.26216365935966	88.5033020727936	263.94673835830434	266.3870629443798	274.59773422922956	304.1513681473248	319.9395516027556	344.96799613054606	363.1279894328721	360.3834681144758	339.7045502936029	292.0176782478779
12	ow	都	dow	0.08999999999999986	0.13999999999999968	203.58644694306926	186.2556129096014	235.95822688165663	1	0	80.99285363988048	78.4508104033353	84.68801428779958	235.95822688165663	225.0391349587297	215.36836594250408	209.44256564638414	203.6967811189314	198.49104389748143	193.6204366706657	189.75521942775208	186.73616777837375	186.2556129096014
13	@n	烂	l@n	0.11000000000000032	0.15000000000000036	162.2764654884036	153.55038513661552	182.16547870208456	1	0	77.19692387501027	76.08798509583454	78.79178011031884	182.16547870208456	172.49934279720335	167.47425685451933	163.49246385284607	160.09201061128758	158.51344585199888	157.8251858703093	158.1120215974187	155.91074655670732	153.55038513661552
14	a	哒	da	0.029999999999999805	0.05999999999999961	137.77297532499284	134.99892414103164	142.2547961098724	0.5281247601371235	0	70.574028070939	70.00824869664986	72.41945663142714	142.2547961098724	139.68113379979388	137.10747148971495	136.63833795892845	136.87071402123854	137.1030900835486	137.3354661458587	137.5678422081687	137.80021827047884	137.9575938615491
15	a	杂	za	0.07000000000000028	0.17000000000000037	201.94901951401286	192.30693076034078	208.27032414168391	0	0.5317113179695546	77.4449546166557	73.57452281954149	79.18691082843954	192.30693076034078	196.17423795655617	200.04154515277185	203.12601368334828	205.94953599204507	207.7355867192702	204.7492681717267	201.76294962418316	200.96403389454414	201.5804964588432
16	wey	柜	gwey	0.16999999999999993	0.21999999999999975	158.92936989829312	135.36017828238377	196.98511826269942	0.926470588235293	0	74.36858137161596	68.66644839918337	78.76992139783009	196.98511826269942	192.53301639518443	181.6551035585084	169.36419312300416	147.04462863178708	150.89596389378246	141.44723379671177	141.27272550944005	137.54734858096882	--undefined--
17	I	子	zI	0.06000000000000005	0.16999999999999993	166.44742412504363	153.27044362708364	192.82353423729978	1	0	68.54561381058363	67.29942403217012	69.95886761450156	192.82353423729978	183.17673510882267	173.52993598034638	166.76739695043085	164.81195808478486	162.85651921913902	160.70480921471355	158.22598064565554	155.74715207659776	153.27044362708364
18	i	你	ni	0.22999999999999998	0.3400000000000003	239.38246380581148	225.11604220213613	247.49546078713595	0	1	82.16794547814916	78.75919322742496	86.03164147757396	225.11604220213613	229.59070152062634	232.4606315869747	236.71789946899088	242.73079504911382	243.8811716974767	243.2497774413675	244.35097299820214	244.51804513478663	247.49546078713595
19	E	也	yE	0.10000000000000009	0.1299999999999999	257.14740203965425	251.40048216237196	263.1081880771237	1	0.7790755538885101	83.60147053053153	81.41908737485515	87.87607718997215	252.124250165693	253.3450932955665	253.50808512341015	255.15820581904327	258.15382406172375	259.76342752909625	260.8473012541105	261.0971672840206	260.16150299167373	251.40048216237196
20	aw	要	yaw	0.06000000000000005	0.1200000000000001	256.210124726766	236.3678863577018	267.2556901067357	0	0.6197307396454071	65.22199635826706	59.99424744491904	71.6078951756259	236.3678863577018	241.86457460056153	248.99015347190746	256.3484310044662	263.7067085370249	264.5230802130744	264.40489390962364	264.28670760617285	257.7381671235738	250.27100461538245
21	U	注	jU	0.17999999999999972	0.20999999999999952	285.35434136790707	235.3186922240464	302.732674510727	0	0.462855242989305	78.10973421638744	58.987161746230974	81.25101325498814	235.3186922240464	249.87640913233102	281.11646246486873	288.35807919215443	301.3930406082049	297.557194897766	295.7947486843491	295.6361583756425	294.69262611113646	289.7551322738372
22	i	意	i	0.0600000000000005	0.0600000000000005	254.63565867734766	223.5521060276866	289.7551322738372	0.9185111080801073	0	80.52152829096836	79.4993041390713	81.52537882735095	289.7551322738372	286.1605015474359	282.5658708210346	274.574384019829	259.2548037606184	243.93522350141043	233.03430817915034	229.49783441847475	225.96136065779916	225.9099368934704
23	yEn	点	dyEn	0.1200000000000001	0.16999999999999993	218.33926818028357	202.91337661790166	236.43769146217056	1	0	80.06280328869833	75.77202880741706	84.99936574334924	236.43769146217056	227.95642221787935	223.97145544251222	221.89408109800746	219.83128361560264	217.62371989039522	214.73442397382624	211.70342885084122	208.54868322172402	202.91337661790166
24	a	啊	a	0.29000000000000004	0.29000000000000004	198.63232558961158	190.97360636763045	209.49752266334568	0.1654559511971978	0.9949866616133866	77.88988798869157	72.26611657991035	81.52656359459705	202.91337661790166	192.62884222072807	192.6404954744975	197.2697059467585	198.13312296892258	198.24140927244736	201.28095623492993	204.8721137953364	199.8681312166455	208.1621055578989
