interval	rhyme_lab	character_lab	syllable_lab	rhyme_dur	character_dur	f0mean	f0min	f0max	f0min_point	f0max_point	intmean	intmin	intmax	f0_1	f0_2	f0_3	f0_4	f0_5	f0_6	f0_7	f0_8	f0_9	f0_10
1	yaw	小	xyaw	0.14	0.25999999999999995	235.22653835664022	206.85820197469548	266.62624064306925	1	0	83.99548101917487	74.83138773203231	86.9264765140596	266.62624064306925	249.91107387804837	245.37468717974323	242.22239405660318	238.70419094067	234.91039046507254	230.84446299070962	223.64758504101104	215.09300868925428	206.85820197469548
2	o	岳	yo	0.1499999999999999	0.20999999999999996	208.0868549076008	189.57613406464262	237.97861302550103	0.11096930551226299	1	82.51889262872099	80.58391402482722	84.27234610322057	192.07039433728428	189.7003161821784	192.25418946664345	193.58022483345445	197.142667898445	205.70382187862316	218.9826581671334	229.91375137156052	232.06262956163872	237.97861302550103
3	ow	口	kow	0.18999999999999995	0.3400000000000001	237.41909704793866	220.17484579098203	250.90551621338037	1	0.14008046412976596	83.52368510793062	80.9980068085939	85.2692050724331	220.72576944067592	247.3151150625268	245.0348136972154	240.88094139262725	239.4955871706316	238.5061040087382	236.65368532372935	234.74300290655154	230.03427248526168	220.17484579098203
4	ey	胃	wey	0.09999999999999987	0.1299999999999999	155.20676410017055	131.1416779474555	191.38949205114014	0.8266705548886344	0	76.13969039435197	72.8095606423784	79.43934526119479	191.38949205114014	179.90736171899133	170.39676194287622	163.55352703668862	157.34396739179905	151.51461290368835	141.99833589250144	132.03948179609185	135.32102588508778	141.43190085496988
5	u	不	bu	0.050000000000000044	0.1100000000000001	195.63559785115703	175.90212973061472	200.38175384505226	0	1	75.11678033582402	72.65030685392668	77.06920045547595	175.90212973061472	183.4468815229986	190.9916333153825	198.5363851077668	199.69522334109132	199.72713565222875	199.75904796336616	199.84951237986732	200.1156331124598	200.38175384505226
6	a	大	da	0.11999999999999988	0.17999999999999994	161.973845792357	135.47933432365446	205.47008903916614	0.9729538811833869	0	73.0597518324255	68.04970036191297	79.66918190611098	205.47008903916614	189.99677909744568	174.65495371483516	165.10978300803075	158.31702336277013	154.56622182442499	154.94453048311047	150.10647537452783	138.20774311971155	137.89599711354913
7	yEn	连	lyEn	0.0900000000000003	0.1200000000000001	201.21181394914663	194.39726673732744	211.83075734955423	0	1	81.48871512143141	77.5334899443787	83.71018063683425	194.39726673732744	196.9428448941655	199.25353624115945	200.85956715862176	202.280393434594	203.14560578609644	203.23171832629154	200.98053143256513	201.7998644797274	211.83075734955423
8	yaw	小	xyaw	0.10000000000000009	0.1499999999999999	238.50458722132885	208.40197670244032	260.74059782328106	1	0.23605877549172294	84.12814374517247	80.62582892881369	85.98679955058772	225.79505674160256	246.60631036146003	256.43426578916876	251.4024648392664	246.6934251974838	242.1780423405728	235.48677661000508	228.27440714089752	218.73947745989463	208.40197670244032
9	o	岳	yo	0.1499999999999999	0.19999999999999973	193.08378739012184	163.51051878264659	227.68524164755135	0.21990063331071688	0.912418476308374	79.98974866462949	76.30779409507315	82.81893663632081	175.19877439150562	169.42499250675294	164.84937889835962	168.57090078832644	179.58454696507988	195.55960890138508	210.44131657655893	221.36116968237096	226.49950266710098	226.6404852917012
10	ow	都	dow	0.06000000000000005	0.0900000000000003	219.70841284370428	189.91382375581213	236.1219403121152	1	0.08842291376429659	82.8932971712234	81.01833536811137	84.37059675989794	233.461729169965	235.73293023670493	232.91199677375167	229.36361552084264	225.81523426793365	220.07873228718677	214.02964163103422	207.98055097488168	199.1461388955726	189.91382375581213
11	y@	喫	qy@	0.13999999999999968	0.21999999999999975	216.84731866927578	200.6198537444547	225.0305396160993	1	0.4942524534506256	78.87883430614716	69.55062431300409	82.36139635082758	208.89087179857694	211.71455338722507	212.93009609743802	221.47029316666283	224.19781541901688	223.88630790435397	222.0459354737315	219.34186946825287	210.1611738841656	200.6198537444547
12	a	哒	da	0.06999999999999984	0.1499999999999999	207.66131147844263	196.91670202371114	216.99820782482163	0.7874977693842317	0.060006380598487535	79.44429906374728	76.38106705312194	81.97863583079025	216.33721268089323	216.88976238522895	215.6621535112467	214.43454463726434	210.96461381145045	204.90738842583127	198.85016304021207	198.92999849366493	199.74628124780625	199.40131086033333
13	a	杂	za	0.08999999999999986	0.1200000000000001	185.4344304455076	181.33503767345687	198.44100296004433	0.4615636050743056	1	78.10979542728539	76.3815888728516	79.8028674298832	187.65726663724703	184.1438999635677	183.1750134974995	182.33425362565285	181.87787353647036	181.98621902320184	183.78874123767505	186.6595222801974	192.73507980686819	198.44100296004433
14	@	鸭	@	0.06000000000000005	0.06000000000000005	204.04180300474312	191.19835065967882	212.4629442086704	1	0.52715322481364	80.38481408286601	78.77760818143149	81.471693651751	198.44100296004433	201.50568298184083	204.57036300363708	207.1039397598356	208.7523444067041	210.40074905357247	209.05509810944233	202.7193545136475	196.38361091785265	192.92273138828483
15	I	子	zI	0.13000000000000034	0.2200000000000002	150.1576247008852	112.30087382214897	175.28754119844618	0.8269230769230742	0.024800278401912606	70.92154555224707	62.74772631167436	75.98335362373292	174.4502146486282	173.5463781863038	170.23008028399062	166.90959373276579	155.7072842841716	143.23573872186188	134.72968799875025	119.30887175359109	112.30087382214897	--undefined--
16	i	你	ni	0.06000000000000005	0.1299999999999999	240.53400946995933	234.0048521097149	245.2339727952837	0	1	83.96882605253975	82.31542320613777	85.23753036159677	234.0048521097149	238.05316061103449	238.51374976643118	238.46180758669612	238.4098654069611	240.18924846330913	242.2302494105261	244.2712503577431	244.85658755840973	245.2339727952837
17	o	哦	o	0.20999999999999996	0.20999999999999996	185.6191440430586	160.1293356980134	246.60493120312407	0.5802996371733121	0	79.75603926032058	72.23380983890243	85.73519000989235	245.2339727952837	237.32390103045165	207.51365075875412	189.64261369307638	165.9294746854718	161.1591630772195	163.57580263166835	168.24752155192297	168.6322583784413	172.2910075541257
18	@y	该	g@y	0.08999999999999986	0.16000000000000014	229.69265237429613	212.49124282226364	243.22495671671535	0	0.18876318831927572	83.05937470643832	80.82441005393932	84.18953784555552	212.49124282226364	235.78263170226623	234.96066687145998	234.16645243272777	233.45548917021802	232.21741281662426	229.39799718977915	226.2707970555987	222.2202433994149	219.0886099960131
19	&	么	m&	0.05999999999999961	0.22999999999999954	273.8859089405625	262.07948855555685	284.2223608798972	0	1	83.15590232445622	82.34164192296707	84.67364280062188	262.07948855555685	265.06292847707635	268.33080983173005	271.6393256768309	274.9478415219323	276.1219412367516	276.99112436153075	277.86030748630975	280.8872112783024	284.2223608798972
20	I	子	zI	0.08000000000000007	0.1200000000000001	246.5987494499762	209.9265065275835	296.8721768076892	1	0	84.84708077407821	82.37072533500981	86.27384163581836	296.8721768076892	293.6415056826535	276.8369326753903	260.03235966812815	245.13033660157984	230.42512904614208	223.39774810829203	220.392085874893	216.09963889823487	209.9265065275835
21	ow	都	dow	0.0600000000000005	0.10000000000000053	178.7536877618358	165.12696007029086	192.4944799028841	0.9283714669591211	0	84.48207776692088	81.76023390705677	86.88903267558389	192.4944799028841	190.798740134169	189.1030003654539	186.0907959380547	180.88448374618267	175.67817155431155	171.52096544379762	169.11226946888058	166.70357349396355	166.4973385607988
22	wo	冇	mwo	0.07999999999999918	0.10999999999999943	160.913321646482	147.72463594829003	171.06096032327025	1	0	77.40449287877732	75.80735928591248	78.67978358402706	171.06096032327025	168.27086301788196	167.81243007062892	167.353997123376	162.26532326396273	156.69765896535986	155.4383043991528	156.4356835022948	154.34027427468658	147.72463594829003
23	y@	喫	qy@	0.0600000000000005	0.17000000000000082	184.3974472151628	169.8015595777167	199.97776307311653	0	1	76.28739764533904	65.02384006642995	82.35858774749785	169.8015595777167	170.04190773358735	170.28225588945799	173.46622978100024	181.55624656532683	189.6462633496521	195.23639311639954	196.66004452051487	198.08369592463023	199.97776307311653
24	o	咯	lo	0.16000000000000014	0.21999999999999975	206.78324921649192	200.44443291458217	212.2894899826605	0.8692201769472988	0	76.0308309280056	71.67779435767353	80.6633332666739	212.2894899826605	212.09079116856407	207.9930143192132	204.08996788578966	203.51637516176856	205.73426547025602	208.75932757952626	207.02271814986904	202.21567620382612	207.02452047880692
