interval	rhyme_lab	character_lab	syllable_lab	rhyme_dur	character_dur	f0mean	f0min	f0max	f0min_point	f0max_point	intmean	intmin	intmax	f0_1	f0_2	f0_3	f0_4	f0_5	f0_6	f0_7	f0_8	f0_9	f0_10
1	yaw	小	xyaw	0.10999999999999999	0.22	256.7188335031499	229.42666224286745	277.6853118129424	1	0.1738735085564335	82.55888380906478	74.44736171723305	85.48459739180173	263.5985068931538	273.37339228882695	273.5940524969035	266.55350156240655	260.58039120744337	254.93787649914032	249.89745389779515	244.39349382939963	238.57245322591615	229.42666224286745
2	o	岳	yo	0.09999999999999998	0.17999999999999994	255.1966416814458	240.62692937309214	267.0318768663521	0	0.836234498356573	84.27862388892416	76.44613712595282	86.91308424553281	240.62692937309214	243.66316420228333	247.50896502713525	251.41221472035207	255.36744196113716	258.261919577751	260.75404388864456	263.8900742537472	265.77666175924236	258.55168905455554
3	ow	口	kow	0.1399999999999999	0.33999999999999997	272.37993940873434	228.140859758734	317.58320302948374	1	0.09755026117691688	83.16870564552161	81.07561234899126	85.09988313468725	289.5046346426515	307.58229396245406	295.55309211912913	283.3549049815053	274.9609320228652	268.8744396229406	262.01948759025333	251.93815831740622	240.2754787587335	228.140859758734
4	ey	胃	wey	0.07000000000000006	0.10000000000000009	186.6050594369697	181.11782587675265	200.576775346772	1	0	76.58489297420908	74.75250407637022	79.02446466946763	200.576775346772	195.5009620870651	190.42514882735844	187.50000154996957	185.2917429333534	183.3819677553413	182.8452163949081	182.3084650344749	181.7274621312295	181.11782587675265
5	u	不	bu	0.06000000000000005	0.1399999999999999	232.9700135081509	208.91729716857495	244.83123866616202	0	0.6469666274528268	75.49041672354011	71.3195391354381	78.24793940692987	208.91729716857495	215.8500325366264	223.92543915116823	232.16408451520837	240.40272987924848	241.8405343379771	242.30679009594652	242.77304585391596	237.0484895250897	230.43953146957838
6	a	大	da	0.1499999999999999	0.20999999999999996	182.31246979964402	161.6965640044788	236.02649075794955	0.5878336354938429	0	74.53890141728398	61.567472264380605	83.64895130806421	236.02649075794955	215.2085063017211	195.99868253539398	184.87472080489292	168.45960174577314	162.93955434922634	164.94365997821288	169.2646750075954	173.58569003697784	177.90670506636025
7	yEn	连	lyEn	0.09999999999999987	0.15999999999999992	212.00873809661434	202.86657722810628	219.68712767011345	0	1	77.92412175885781	73.77228725298642	80.84565724037734	202.86657722810628	204.85219560082334	206.94675652708727	209.04114436266158	211.13537559237378	213.04385798497688	214.8818839221247	217.3028986180078	219.48758944411912	219.68712767011345
8	yaw	小	xyaw	0.10000000000000009	0.40000000000000013	238.00052134818935	200.92684241310033	265.20555624063275	1	0.05384380097025238	80.33646496253799	76.42876400847055	82.58989182784987	262.5202470476373	263.19329426316057	257.3030158218869	251.11060128659184	244.6448255233729	236.43425687342727	227.5618702319655	218.74205410524536	209.9060444096889	200.92684241310033
9	o	岳	yo	0.1499999999999999	0.20999999999999996	212.84184847399064	171.77830440518522	250.81111003141737	0	0.9218011436723508	76.20302044256837	69.68267238302029	82.14107449104536	171.77830440518522	174.6271500417018	181.5597463607884	194.21522732585615	209.2818731369684	220.41883810862885	233.22910726050404	243.44858221621286	248.5684237632257	247.01070431665048
10	ow	都	dow	0.06000000000000005	0.11000000000000032	231.9769756658838	217.0565879755377	248.5789883195359	0.8873849661732428	0	79.47454282949207	77.55062546710133	82.65305257587782	248.5789883195359	247.94601607829557	243.5392648807156	238.59340240365862	233.6475399266019	228.60246305475923	223.54321269794696	218.48396234113468	219.04856577794806	220.41657689956435
11	y@	喫	qy@	0.15000000000000036	0.29000000000000004	231.59010070967778	220.4698482532951	240.47328412975958	0	0.20760221174847981	78.13747583034757	64.2375765241823	81.28500253574204	220.4698482532951	231.16168773375415	237.8362973746415	232.6502854268173	234.3010238685393	232.80353591210704	232.7691311154119	231.81670954801874	228.18182255200063	222.21191588302776
12	a	哒	da	0.06000000000000005	0.1299999999999999	229.494425444446	220.34408292762086	235.12381231161532	1	0.11281690702868245	79.59062737709543	78.21938213004358	80.2822255472861	233.35149745342528	234.92085707814405	233.52724866947395	231.7103591131771	229.89346955688026	228.9337326296014	228.0964460778963	227.2591595261912	223.97630467674472	220.34408292762086
13	a	杂	za	0.03000000000000025	0.06000000000000005	200.2600779815461	198.22071586782724	204.84149240381208	1	0	73.60921167637764	73.42180854583899	73.85839530476021	204.84149240381208	203.62165012675706	202.40180784970224	201.18196557264721	199.96212329559242	198.7422810185376	198.39399953298462	198.3362383112655	198.27847708954639	198.22071586782724
14	@	鸭	@	0.1499999999999999	0.1499999999999999	212.26391390095304	197.38147988072907	227.91970439617856	0.12599954939544733	0.7565693963290111	76.79918839177309	73.984218479237	80.23352678707495	198.22071586782724	197.9506791212731	198.9694605859658	202.83736088194138	209.448602042459	217.672168353651	224.58486550884356	226.59564915570164	223.4751269331267	216.9162764766823
15	I	子	zI	0.11000000000000032	0.18000000000000016	164.3189809566282	101.32311159567686	196.5189173978322	0.840485087047506	0.06176980024337583	68.31343920910402	63.39921233054256	70.9445665777026	193.92706359494252	194.63680392214548	189.78930294551662	184.18543491549082	179.00404973827864	179.0845851518466	157.3281610847995	111.65506711041475	117.35092436039109	132.76523184200062
16	i	你	ni	0.08000000000000007	0.1499999999999999	283.5206183622908	274.92797984387903	287.7408696693628	1	0	77.67628959455078	76.13906113322709	79.38275123173891	287.7408696693628	284.98504791155256	282.375341738068	284.29521867867044	286.21509561927303	285.655109646589	284.4007620581848	282.2385698110374	279.2753381591165	274.92797984387903
17	o	哦	o	0.29000000000000004	0.29000000000000004	185.44079290645936	102.12926967979399	274.92797984387903	0.45490442057755665	0	74.54622618247457	64.48949665539921	82.42462576123053	274.92797984387903	236.88752764264385	203.61261331765562	164.1946026420291	107.48223786924693	140.66968626678786	184.63149050615377	193.2052799302688	201.42768213608787	204.88980757664058
18	@y	该	g@y	0.06000000000000005	0.14000000000000012	271.26450037972273	267.2942421607227	274.5562036554632	0.8541229610553139	0.17936683773339293	83.0753822551747	81.39864666206704	84.17695268839012	273.0742173638986	274.3246531002535	273.92506557839937	273.2897604482298	272.6544553180603	271.0731627915185	269.356729208352	267.6402956251856	268.1088305822785	268.8895039022653
19	&	么	m&	0.08000000000000007	0.28000000000000025	332.55247179281906	232.9876074031207	436.84603312074734	1	0	81.00591731639791	79.21479580429403	84.43037314780635	436.84603312074734	429.49599728852695	406.5493106780279	383.60262406753026	346.6642854909988	308.2785346421248	281.2482236594839	260.16600022582264	243.4130812939406	232.9876074031207
20	I	子	zI	0.040000000000000036	0.0699999999999994	179.17113923138126	165.05379771004962	191.46917380701626	0	1	75.19428844337897	73.92504205912945	77.0924413119214	165.05379771004962	168.2719767308514	171.4901557516536	174.7083347724562	177.9124480290255	180.90557482210818	183.89870161519045	186.89182840827348	189.88495520135615	191.46917380701626
21	ow	都	dow	0.0600000000000005	0.10000000000000053	202.96129712929158	193.17214103392942	213.69736197368076	1	0	76.89837648578319	75.30367323646658	79.31584804817405	213.69736197368076	211.08364157695195	208.46992118022317	205.92485021733958	203.49419497753124	201.06353973772332	199.01568428299876	197.60582847008047	196.1959726571622	193.17214103392942
22	wo	冇	mwo	0.08000000000000007	0.1200000000000001	172.00615157723553	154.10716791192766	181.77835007641343	0.9501605416806882	0	75.33846921323169	72.21859575788736	76.84264333188938	181.77835007641343	180.2467757280848	178.706428679733	176.89412793066666	175.08182718160006	172.94669343684217	170.72116645329052	166.02524019538905	159.14954987188503	156.8170840093766
23	y@	喫	qy@	0.07000000000000028	0.17999999999999972	215.3430208599897	201.57817823377317	227.38151835741263	0.7621066678742565	0.27563496167342943	73.4515237211952	59.754189993639166	78.47814757104317	222.407785622987	223.1127019566291	223.9754660720402	224.83823018745144	221.23645472281822	212.48328743505778	203.73012014729733	204.84014179465157	207.1337461142189	210.3906518384938
24	o	咯	lo	0.10999999999999943	0.17999999999999972	219.15125507650941	208.74090315923027	227.85942695480367	1	0	75.93122354769592	70.64808827733467	80.24329886578109	227.85942695480367	226.04076603091207	223.79099657795518	221.1975008997955	218.52572606905062	216.13706203366937	215.23459619377184	215.95987123464204	215.18870241050658	208.74090315923027
