interval	rhyme_lab	character_lab	syllable_lab	rhyme_dur	character_dur	f0mean	f0min	f0max	f0min_point	f0max_point	intmean	intmin	intmax	f0_1	f0_2	f0_3	f0_4	f0_5	f0_6	f0_7	f0_8	f0_9	f0_10
1	yaw	小	xyaw	0.10999999999999999	0.24999999999999997	247.25750207181247	209.67894846396564	268.80780395325775	1	0	83.90903123642983	72.4379252326169	86.07442266732515	268.80780395325775	266.66440348922384	261.1167787587832	258.02838759861356	255.40310948255538	249.99610582786218	242.11705281074094	231.53051715857933	220.30169332875386	209.67894846396564
2	o	岳	yo	0.19	0.25	201.5528874452373	183.04431890232257	238.96237337142833	0.4057482907354459	0.9552157069959766	83.4664116948112	81.21520297918006	86.01753952144148	189.75761339050246	187.03464659724378	186.57625695744437	185.14920905166994	184.16446803392242	192.2117456223515	208.24061299531408	222.93756926668476	234.41493240646992	236.02107248699878
3	ow	口	kow	0.15000000000000002	0.29999999999999993	259.07351353549467	246.5940077265087	262.85705691358015	1	0.6515451383254532	84.36773117954165	82.67922977763465	86.03860774595319	257.864946108593	259.3301341912777	259.54574104180836	259.4439857367923	259.5080307607445	260.6082459666714	262.47784039165265	259.952507719439	257.4549751677228	246.5940077265087
4	ey	胃	wey	0.1299999999999999	0.15999999999999992	177.06854757850178	158.19409817239173	218.79545943539742	0.7661346774113895	0	80.70893505920625	77.04397377559965	83.4997975709602	218.79545943539742	201.57333331826018	190.4917189092062	181.82481293637179	174.34808540654595	169.80718735645203	163.6269072062622	159.44721737743328	164.10095850376254	160.2791874903237
5	u	不	bu	0.050000000000000044	0.1100000000000001	209.0726100467795	185.1925637701202	224.85883066513207	0.9896300452382913	0.4689174382450241	76.81544881314379	73.04569182099767	79.61143916622817	213.85978628289263	209.19685724819792	210.48552080329185	214.97888806057983	219.4722553178679	223.20991049060402	212.58903605684668	201.96816162308934	191.347287189332	188.70436642234128
6	a	大	da	0.1499999999999999	0.19999999999999996	156.84035703918542	127.93812454582184	212.5211414935532	1	0	75.56561206175108	65.915960583753	84.91410533602529	212.5211414935532	192.85561290574003	169.26930721565972	159.15860737678437	153.43018097685862	148.36974564852665	143.62046619846254	138.96318623288076	134.42570334673061	127.93812454582184
7	yEn	连	lyEn	0.20999999999999996	0.24	213.04485052178384	193.9314120376048	219.97488283449454	1	0.6951689112281348	83.72748363824836	78.45772227331531	86.2728755566231	203.82316651655887	216.3429727007049	212.03671801912364	210.06471612573284	210.359883638965	212.78737926767877	219.2810949190427	217.34859449872533	214.118980682909	193.9314120376048
8	yaw	小	xyaw	0.10000000000000009	0.20000000000000018	252.14804419567653	210.2902278874348	308.0856951498396	1	0.11658130054150274	82.6353181415226	77.52077333103841	83.86445279549048	263.0831684673495	296.4302618831713	270.99201763427135	257.05743791255367	253.5309356201916	248.2368818475361	242.27237751339018	233.24792383303523	223.48507942021408	210.2902278874348
9	o	岳	yo	0.20999999999999996	0.2599999999999998	178.41819736970024	147.1471741230702	238.66161940095003	0.3575038546327168	0.980543902490126	78.89517248601202	74.38291346630304	84.05119322891824	166.86895238121895	158.54767313368436	151.67645077782927	147.70801982962203	149.02102370439513	163.41498637295803	189.41762634001182	213.13640627755888	230.41054060585378	236.72179480201257
10	ow	都	dow	0.06000000000000005	0.1200000000000001	229.4575111319726	212.61110618209514	250.48345126553343	0.9058545149445144	0	83.14266070529256	82.28418895935086	84.75737330746583	250.48345126553343	248.65691365046794	242.93712633084985	236.6611604820095	230.38519463316916	224.96801438919783	219.67351780306436	214.37902121693088	214.58284525156682	215.57214366059824
11	y@	喫	qy@	0.10999999999999988	0.18000000000000016	210.7846422446451	176.77067613029683	235.19481523805445	0.25000379947045037	0.6092775072774137	77.42201721629219	68.80804409585377	83.59937009645056	207.68966818523066	190.20563860302462	182.65537515484468	182.6547739685229	209.4615613850064	229.52136387946945	228.81474052788607	228.6649580284531	228.71847536649597	225.1289771078345
12	a	哒	da	0.050000000000000266	0.08000000000000007	210.53301129242078	198.9875591386026	219.297589281317	1	0	78.87100050686632	77.13312189702566	80.36377647927539	219.297589281317	218.33990008399385	217.38221088667083	216.4245216893478	213.2919780449498	209.77563655695	206.25929506895056	203.10709675135683	201.0473279449796	198.9875591386026
13	a	杂	za	0.10000000000000009	0.18999999999999995	208.11706250872882	188.46201365081626	222.06529659028433	1	0	79.33383218942137	75.68311688771384	82.65903469340252	222.06529659028433	220.44835061881366	217.20581988393056	211.76396858678345	210.75617152912568	212.40880701516116	205.43234312359402	196.74345289024407	192.65612108748329	188.46201365081626
14	@	鸭	@	0.14000000000000012	0.14000000000000012	195.62264525559726	181.27122018424222	206.52943373628278	0.12890462316588497	0.6634401045657246	79.66349819736045	75.74064521468085	82.50043284077157	188.46201365081626	182.0753674048692	186.2860519244769	192.26339406277543	198.08683373167034	203.1064093233774	205.55974691501984	201.3377882831199	198.37650126011417	199.8152015860202
15	I	子	zI	0.17000000000000037	0.20000000000000018	165.74241468218267	151.3435641998336	182.77168757262	0.18396198401442818	0.5682301646477148	68.55609553293746	59.42957375096491	75.73093354904957	162.927520637501	154.213908042829	152.1088183627558	161.92601858296965	171.74321880318377	181.22229590321436	173.26931714063747	166.949784321619	164.3730215494897	171.2753435931579
16	i	你	ni	0.04999999999999982	0.16000000000000014	280.2154775684942	275.0003867496179	282.9177311258185	1	0.3753713141051942	85.02049842270759	82.59642936872045	87.2463553260139	279.2305967464255	280.3963589686269	281.56212119082824	282.7278834130296	282.1349517343582	281.23166230847414	280.3283728825901	279.13418147278156	277.06728411119985	275.0003867496179
17	o	哦	o	0.14000000000000012	0.14000000000000012	225.21532877644447	202.75352543532117	275.0003867496179	0.918593283790653	0	84.66247391694569	80.64431753130984	86.37803359756674	275.0003867496179	264.94965486343074	250.1668838683532	232.86150546756292	217.36554328590447	207.65304152858738	204.5446948538987	206.99445375250824	203.4602024505281	205.04170020610226
18	@y	该	g@y	0.07000000000000028	0.1200000000000001	245.16423604236994	240.0686110082669	247.69762526790672	0	1	85.64247341210995	83.64923791159454	86.85832543866587	240.0686110082669	241.8385851138431	243.6085592194194	244.97968638523227	246.2178645711241	247.12623105874235	246.5174637343028	245.90869640986318	246.43570418803893	247.69762526790672
19	&	么	m&	0.1999999999999993	0.39999999999999947	340.9072643804122	234.08360967962219	372.41137803583786	1	0.5603537351450847	82.55859342229294	78.77829823071943	86.12372633047332	332.19308783087314	344.6259206977269	353.69386066527863	355.9883946860966	368.7455999729514	372.0202101534429	368.69013993271636	336.25277461404454	277.4312376693905	234.08360967962219
20	I	子	zI	0.05999999999999961	0.1299999999999999	194.56791190252463	183.72503505377102	200.7548303439044	0.9703971904853567	0	77.74156175468515	74.47885672714055	79.48900812561853	200.7548303439044	200.00156848939127	199.24830663487816	198.25653590522688	196.8672503836785	195.47796486213014	193.25074292623026	189.62696029974558	186.00317767326027	184.91378491277342
21	y@	家	jy@	0.08999999999999986	0.13999999999999968	207.82544418774017	194.4259343565693	231.0066661663509	0.9531235661746977	0.19847728412258933	81.68012428390996	73.76225789381536	83.53132284136117	209.58557329311392	221.82175351512245	228.15412563039237	216.77507342544519	207.13861588949518	202.72994236052776	198.85231028326163	196.56780256109914	194.90812187435128	195.12292229384548
22	w>	伙	hw>	0.08000000000000007	0.11000000000000032	197.3523453873962	195.02314056465616	199.8599590867645	0	0.9638317027084056	81.50117397559507	78.9751017323859	82.84436573971198	195.02314056465616	195.70859751341365	196.3791989528468	196.58927960322575	196.7993602536047	197.3308608236877	197.95235897128785	198.62515252090458	199.34320671935944	199.64081230082996
23	ow	都	dow	0.0600000000000005	0.08999999999999986	192.26739455325367	188.2378496448498	199.99168625358777	0.6004589413819378	0	80.09897251015205	78.99668280234616	81.61681054536024	198.7148431722376	199.03671089868487	196.1980287227264	192.90783941785318	189.61765011297942	189.43517633673991	189.69666192173338	189.95814750672685	189.59015321836696	189.13223323381382
24	wo	冇	mwo	0.07000000000000028	0.1299999999999999	163.50771701155458	154.28303907273468	177.5464341141917	0.86405267832018	0	80.86389406989777	78.68975051227714	83.09494030388446	177.5464341141917	176.53978226970185	172.11413726443897	167.68849225917546	163.54532494412246	159.72809342546662	155.91086190681025	155.20225392062574	154.86668075833742	155.254124351657
25	y@	喫	qy@	0.10999999999999943	0.17999999999999972	185.84259351048132	144.3863922219294	208.64561416869068	0.2092744698629362	0.503317664296257	76.95849070322696	67.08540470049789	82.36775421544816	169.57433380354905	163.06272894952076	149.71033002366815	172.64036390441476	203.20886567364158	199.02309167585224	197.86886592418153	200.03490729921108	202.14222029036654	204.35934331361153
26	o	咯	lo	0.10999999999999943	0.16999999999999993	206.42647571316022	202.6967408066339	211.19398617432753	1	0	77.1608951406178	75.8328912960998	80.59083711254927	211.19398617432753	209.34693444060815	208.21951033586535	207.63900322914466	206.26059870627444	205.18970949111315	204.99134638439438	204.83375759046257	204.6558363023275	202.6967408066339
