interval	rhyme_lab	character_lab	syllable_lab	rhyme_dur	character_dur	f0mean	f0min	f0max	f0min_point	f0max_point	intmean	intmin	intmax	f0_1	f0_2	f0_3	f0_4	f0_5	f0_6	f0_7	f0_8	f0_9	f0_10
1	yaw	小	xyaw	0.09000000000000002	0.2	284.60188497577207	272.38696110691274	326.3915327191015	0.2961141180538121	0	78.59167228820996	72.8022317099575	80.10407914648903	326.3915327191015	298.9586389137837	278.6882793469456	279.9055224955463	281.32063690368625	283.3293650904444	283.71323664269335	279.2225382914148	276.45388820481924	278.8513829122726
2	iN	英	yiN	0.22999999999999993	0.2599999999999999	281.8982407991693	254.89412114646007	305.24787555264487	0.09954028365117759	0.7984540451247756	75.89431471532846	72.96602375833575	78.78176917749981	263.6507273695719	256.48696429196906	260.87960224340964	269.4718121263141	280.7211617680203	290.771072780923	300.47586003707784	304.99895185829024	299.6651801398315	284.76461574126193
3	&	个	g&	0.05999999999999994	0.12	275.65554650324475	258.6193566992856	286.8499516736122	1	0	78.06733268702052	72.81367265859593	82.62379334453912	286.8499516736122	285.04885315755473	281.75008341783854	278.237360646171	274.72463787450357	274.0719093465116	273.8277514247591	273.5835935030065	266.5840057998201	258.6193566992856
4	wa	瓜	gwa	0.2799999999999999	0.36	203.15943287275553	154.39045190657995	319.5502447851671	0.3890641512980961	1	76.5527554591697	73.38726734646765	82.29906772985038	207.56646973408112	204.96260302715572	176.79519898918494	157.15577285765997	156.8681900669566	169.89080335601275	196.57122678843146	231.31819084550668	278.65012545086	319.5502447851671
5	ow	瘦	sow	0.06000000000000005	0.16000000000000014	352.3919546040021	306.64384667263704	367.6948578682903	1	0.2959998878443372	78.26020525110901	71.61301136086311	81.98822345902471	366.5292243971847	364.7544470792447	364.6237195636304	364.7278563054913	364.83199304735217	357.92674459267323	350.0201553956317	342.11356619859026	325.0339244733423	306.64384667263704
6	&	的	d&	0.030000000000000027	0.09999999999999987	250.4537239432318	246.16823062989178	257.5920707112519	1	0	74.41826820233476	74.20067566938698	74.59395269541999	257.5920707112519	255.77935448862203	253.96663826599212	252.1539220433624	250.3412058207325	248.5284895981026	247.69389455993442	247.1853399165869	246.67678527323935	246.16823062989178
7	yEn	连	lyEn	0.24	0.27	226.2844409222116	210.7111525253417	241.16809107160304	0.6394859030741034	0.09626536985246348	62.041248435366015	48.57866930141251	76.84412650802714	227.3643224087728	238.49112884594012	232.88697620936364	227.28282357278712	221.67867093621066	216.07451829963418	212.22851524075247	223.5403465086416	230.22926043175156	235.35421078636332
8	yaw	小	xyaw	0.11999999999999988	0.20999999999999996	306.12461431249704	283.8807155467587	346.3702991486133	1	0.1088714178829517	78.6033982543509	67.52477042878364	81.68093889957211	322.2391772409771	338.8224052275967	328.028805203982	307.3412090341889	295.64618057306365	296.3610816927551	294.0766181622403	293.3446321971696	294.86577721483053	283.8807155467587
9	iN	英	yiN	0.2300000000000002	0.26000000000000023	278.47565771679376	247.7554395988997	322.3607955730078	0.1471421202543403	0.8689176633352685	77.20068603819826	74.28708487626521	79.41953980120145	259.55876801659605	248.5706026465987	249.65947254205525	255.87069591364065	265.6609098568625	280.45113405664614	297.0893506041346	309.2238330041663	319.20510156881204	295.1359761649489
10	ow	都	dow	0.08000000000000007	0.14000000000000012	250.5907152735236	243.7506058119745	268.7605333667798	0.7752540444521165	0	78.41801618255346	68.35735265742257	83.55258805229828	268.7605333667798	258.14357791168624	254.7290552284579	251.31453254522953	249.27671676440252	247.38131893899634	245.98459964664485	244.84909291922685	245.75458879828804	249.64308848681839
11	@y	开	k@y	0.1599999999999997	0.21999999999999975	181.78485031409934	116.1658241784089	286.5694954408457	0.3338359759683113	0	70.00903230529829	62.407302942810894	80.142371586085	286.5694954408457	235.3135112819631	170.85713601937533	127.05382159515527	153.6654835549291	204.85749445204948	200.25665817264354	184.26832600985358	157.67173709860967	130.83390188665348
12	a	哒	da	0.30000000000000027	0.3799999999999999	232.16705207734068	208.6447077441081	267.4908257995979	0.9648503350121986	0.4399156015872244	71.59852460818223	62.14619626261152	82.5082436608468	230.0554530554098	225.40814891937288	223.1351220853722	237.47516201163623	263.208824662515	236.86834979863744	247.31940276102716	219.87983551195575	216.78687337069286	217.5010720589975
13	a	杂	za	0.07000000000000028	0.1200000000000001	269.2778880326232	263.1263380147987	276.85466731627184	0	0.9822825406767178	81.35026902862315	80.45206045291864	81.83088317089008	263.1263380147987	268.0275049878558	268.55415052155007	269.0807960552443	268.85830292478397	267.7714190279916	266.6845351311993	270.127272360204	274.1135641243045	275.823952963141
14	E	椰	yE	0.18000000000000016	0.23999999999999977	238.50962251661642	211.90571894259168	249.59990488299667	1	0	75.47412381222725	66.65768941968221	80.54973741250006	249.59990488299667	247.00603784352234	245.1270170089407	246.3022536515249	246.85858842571736	245.66787107791285	234.3877489505214	224.18581609510198	225.88069431794875	213.30306210568483
15	I	子	zI	0.1599999999999997	0.18999999999999995	355.7381374384988	191.7869276022863	538.8975578415227	0.3637630153704031	0.6004587244878912	66.46896367259588	49.00139186811191	75.86109293977835	220.89298274351594	227.01794405719843	231.58894391655795	231.27711945041875	275.64600996524075	509.0088186552715	489.4380484234706	463.43848195541716	452.3289528876204	444.3754291929644
16	i	你	ni	0.10000000000000053	0.15000000000000036	279.62823517301473	268.51200192816935	282.8363617485945	0	0.5423446959973937	78.95636461083328	75.6917794800639	80.33750147001082	268.51200192816935	274.2518553335158	278.5379387705114	280.8571569562085	282.09743655074095	282.69035299057464	281.8305757754196	280.6874289028542	280.5106038098203	280.62342867854454
17	E	也	yE	0.02999999999999936	0.05999999999999961	287.700956361508	285.02802116708074	289.7208034132613	0	1	77.7344618192722	77.29336555054887	77.85617542860302	285.02802116708074	285.73616577448274	286.4443103818848	287.0045570210545	287.5155043374801	288.0264516539058	288.5373989703313	289.0483462867569	289.5592936031826	289.7208034132613
18	aw	要	yaw	0.08999999999999986	0.1200000000000001	278.6088573023266	271.47356649648367	285.44309679344417	0.26464133545991214	0.6098626024248264	79.17235052232824	69.86837312516337	84.35260844119	282.2551926097671	276.9031413650472	273.97978839488707	273.3700492613634	279.7011516377475	284.211677880276	283.2604757212394	281.43495523328045	276.9864797585556	275.7060448539206
19	&	克	k&	0.0600000000000005	0.10000000000000053	357.16620263557365	330.96237210057024	370.8602586464219	1	0.2593747406354186	74.36730740005379	67.29861918816566	77.97279560856543	362.7537684807703	365.80141204653864	368.8490556123069	369.0616764355592	364.5492593546195	360.0368422736806	354.15695502249116	345.9979508208853	337.8389466192795	333.27242801949075
20	aw	搞	gaw	0.14000000000000057	0.20999999999999996	259.1430042365709	249.66423787979153	291.22457244002373	0.26652761749741616	0	82.34856925885683	75.27262588256765	84.20636229290778	291.22457244002373	264.2963682811286	252.17268394282905	252.32142977533906	254.4507013752991	258.09141645600744	261.13250439111397	261.5754783021714	257.92719535415245	258.1627423363305
21	yaN	两	lyaN	0.10999999999999943	0.14999999999999947	236.46567309516752	200.42388211690036	254.1674783392528	1	0	77.06942700567527	73.70225843478822	78.77472347368774	254.1674783392528	250.69355801857472	251.07252456617348	250.17191726541816	248.0801929431657	240.02464785895702	230.78748146967874	220.25615841294388	210.0096170164533	200.42388211690036
22	y@	下	xy@	0.05999999999999961	0.08999999999999986	174.61119758072076	162.61575167662087	188.26712497908954	0.7360748020959699	0	70.3320508261878	62.51959737873697	77.62114731120145	188.26712497908954	187.30114204152414	182.9500788272946	178.11543271640008	173.28078660550474	169.85964288002663	166.64042806675087	163.42121325347568	168.65519967175192	175.09678626596477
23	I	子	zI	0.03000000000000025	0.0600000000000005	207.65315355047827	202.8047056412449	210.56395378140311	0	0.8799207638019078	73.72659849470912	73.33855902563886	74.55224260804124	202.8047056412449	204.12466617095936	205.44462670067406	206.7645872303885	208.0845477601032	209.40450828981767	209.67674932402932	209.5997505264068	209.5227517287843	209.4457529311618
24	wo	啵	bwo	0.1999999999999993	0.22999999999999954	330.18136730812074	176.12316741194482	573.6582209971494	0.5416724765150535	0.7287970639131317	73.58868802569395	55.782215451185294	80.1183398613582	218.99682994424418	222.69316398592548	222.93157288759375	225.3537613926812	226.66092473513376	216.93125584270135	473.9476313292005	514.354611395336	511.29200577227016	511.29200577227016
