interval	rhyme_lab	character_lab	syllable_lab	rhyme_dur	character_dur	f0mean	f0min	f0max	f0min_point	f0max_point	intmean	intmin	intmax	f0_1	f0_2	f0_3	f0_4	f0_5	f0_6	f0_7	f0_8	f0_9	f0_10
1	yaw	小	xyaw	0.09999999999999998	0.18999999999999995	252.26818528737226	243.54616266710036	268.75098083401457	0.4398290217200408	0	80.1103586024524	74.30016281516502	81.80141610849626	268.75098083401457	263.37126478146155	256.5641092456065	247.8257120558725	245.71417970655472	247.57876626148678	248.16313438266545	248.54602349190242	251.66212908737495	254.5829921428264
2	o	岳	yo	0.030000000000000027	0.06000000000000005	249.31902283453613	240.89057796331664	255.58590275430396	1	0	77.81196657558102	77.56325371836716	78.30175425090262	255.58590275430396	254.90903397530548	254.23216519630694	252.60113274838358	250.652045744152	248.70295873992032	246.7538717356887	244.80478473145712	242.85569772722545	240.89057796331664
3	y@	喫	qy@	0.16000000000000003	0.22999999999999998	230.2534897966384	213.9752111103324	272.1665277631773	1	0.05482119589544364	78.07938875935852	73.63921340920993	80.80785986057533	259.1892763556674	258.40233189387044	239.15602369734145	226.9511710223	221.06567802868395	225.1324229945635	223.97074848316268	220.57429458321153	216.61477378717169	213.9752111103324
4	a	哒	da	0.030000000000000027	0.08999999999999997	220.25774054828804	212.6116884731459	226.8718905966	1	0	79.3886862691835	78.41663858336351	80.29238733227808	226.8718905966	225.81895561313206	224.76602062966407	223.1542129285197	221.35611432148318	219.55801571444655	217.75991710741002	215.96181850037348	214.16371989333686	212.6116884731459
5	a	杂	za	0.10000000000000009	0.13000000000000012	167.7592185298442	156.72847440009227	192.80706641186157	1	0	81.28865935036512	78.21644162509504	83.67199000732784	192.80706641186157	182.01487365759564	171.12272613479828	163.30155270586465	158.25887964756987	160.1073784507789	164.56977002904108	--undefined--	--undefined--	156.72847440009227
6	@	鸭	@	0.04999999999999982	0.04999999999999982	175.17399023218007	156.72847440009227	191.89706252858605	0.15000000000000177	1	82.36326958194941	81.49790261876747	83.3531625597897	156.72847440009227	156.72847440009227	161.21137328367467	168.1081407968782	175.00490831008187	181.6850289311457	184.24885860155112	186.8126882719565	189.37651794236194	190.77195017414095
7	wo	脖	bwo	0.08000000000000007	0.1100000000000001	201.80880018265321	187.2381227941788	211.6171582595449	1	0.5161321414748172	79.16038725680025	75.92219834509017	81.4708881265895	192.08729752501392	193.981661352392	200.66021656320348	207.33877177401482	209.13769927787973	210.43183770861208	207.24497170004813	201.71091288994808	195.19328203135035	187.2381227941788
8	I	子	zI	0.040000000000000036	0.08000000000000007	195.53313692287006	186.81566521726614	199.15989214502395	0	0.8001851230086503	81.60790112494217	78.09587932274371	83.89839330120161	186.81566521726614	190.45849748569373	193.37873117994783	194.70924801102097	196.03976484209412	197.3702816731671	198.70079850424025	198.54097997736002	198.0372379063367	197.5334958353134
9	a	啊	a	0.15999999999999992	0.15999999999999992	194.97123118998033	189.8938720639874	209.43600567546477	0.45471613820263235	0.9144971342301416	80.14501507256566	74.53301343053442	85.07150766500966	197.5334958353134	194.79647583692005	192.16938204126274	190.6341719134657	189.99350163323714	190.29819815359187	190.99292890625455	198.03693808172272	206.73221658182266	201.39792079266715
