interval	rhyme_lab	character_lab	syllable_lab	rhyme_dur	character_dur	f0mean	f0min	f0max	f0min_point	f0max_point	intmean	intmin	intmax	f0_1	f0_2	f0_3	f0_4	f0_5	f0_6	f0_7	f0_8	f0_9	f0_10
1	yaw	小	xyaw	0.09999999999999998	0.24	264.4919552771063	237.7898672227676	294.53533181371967	0.3368112862448814	0	79.29595024121198	76.95988178900436	81.73862904197406	294.53533181371967	276.9251141602277	252.17559042435525	243.48613303227162	249.32721185599718	258.6503516149205	269.2942731078843	271.1083969666843	273.4185756467913	284.2126448413841
2	iN	映	yiN	0.3499999999999999	0.39999999999999997	322.7557649893846	302.9895225123016	340.2997014652714	0	0.22963122855616228	76.90389142588695	54.085062152233185	82.23164735373867	302.9895225123016	314.53320232992843	340.08398928387896	327.48488622390107	318.41478432292115	320.3874687065339	326.7762615542467	327.92423627941616	314.10051163316314	314.4847363217756
3	yEn	连	lyEn	0.19999999999999996	0.29000000000000004	193.2466109785165	157.95575531596418	230.49186281873605	0.0757773537877471	0.8827924852946036	72.96380487755334	69.72507271233214	76.62961194591482	158.95423152057188	158.4015524468864	164.38355838063345	177.1149877318159	189.0465215625048	199.75383561767367	210.97140847056974	221.1277040968768	230.32853659553382	220.99872933252345
4	u	不	bu	0.030000000000000027	0.06000000000000005	254.98514031165212	246.23359915947375	260.85685021149595	0	0.5167049543839096	77.32158547719507	75.54597852032188	78.81706883988045	246.23359915947375	251.48723696839176	256.7408747773093	257.61676043568986	257.03339537722445	256.4500303187591	255.86666526029373	255.28330020182835	254.699935143363	251.3585985675824
5	iN	灵	liN	0.1499999999999999	0.20999999999999996	208.33466530515517	190.174161292979	230.9636384370829	0.21967986228618855	0.8064293760214378	74.30334423915967	66.92423358103606	76.36892234430871	198.56605692253493	193.2019570714831	190.93833814451787	194.61681936869434	200.88908948823115	208.89957036575365	219.2255048107301	230.12703469176185	225.6451112264853	228.36643974923328
6	@n	泛	f@n	0.16999999999999993	0.20999999999999996	278.3242570984478	243.74703406972432	306.38389914848204	1	0.47856483735949984	74.19622247039734	58.316769937421356	79.07770089830387	277.1293648587293	282.05084066819944	289.84366677467403	298.034150787713	302.97323407278515	299.5037059264223	276.7817669900553	247.95987060826062	245.8534523389925	243.74703406972432
7	yEn	连	lyEn	0.08999999999999986	0.14000000000000012	216.37803826870595	199.2003842974709	234.796660856601	0	1	76.53565997322299	75.46687191107637	77.38653251282285	199.2003842974709	203.49494537857896	207.6441823332201	211.35744690845877	215.26151983909926	219.73801783594502	223.23048839154424	223.7708766234048	226.30026640916074	234.796660856601
8	yaw	小	xyaw	0.10999999999999988	0.16999999999999993	282.18015188691874	253.15119049986455	382.11464657926	0.5087106517127229	0.033470939727770474	78.84955143491358	73.43938319957377	83.00544604377956	362.10094317036146	355.0548994385533	292.05551527441105	266.6306656599196	255.31901932765152	256.39656876762945	259.5737327929238	265.050474697374	267.9795294149953	272.72321052349815
9	iN	映	yiN	0.2599999999999998	0.29000000000000004	389.63034831982293	286.75978798377264	476.35018950200873	0.009203505041096493	0.6045820297083573	71.95257408423666	66.0149632661658	79.00872827303846	289.2460364754088	303.5667637504813	320.9319689642868	353.7788819956143	388.9234079221442	461.8879439303765	468.7620994452504	466.90417205189493	425.6332163050675	362.55956932305236
10	ow	都	dow	0.06000000000000005	0.10999999999999988	215.07261119174052	205.03203886015254	236.34571343114928	1	0	80.78146824873728	73.13104365583577	86.03893245689694	236.34571343114928	228.81384345365765	221.28197347616666	215.81572377252502	213.79217452530025	211.76862527807563	209.84859183547445	208.10108473391261	206.35357763235095	205.03203886015254
11	&N	能	n&N	0.06999999999999984	0.10000000000000009	222.9408493264816	206.04685360730028	249.69728341281166	0	1	74.10308811047366	72.47883692978338	75.58973224562264	206.04685360730028	207.67732692395154	209.3105043923704	210.94368186078924	215.42086939992294	223.17960702065008	230.93834464137723	237.54518597424456	244.0137997525682	249.69728341281166
12	ow	够	gow	0.05999999999999961	0.08999999999999986	271.39798964074765	256.66271325263335	282.0540572896323	0.779251654150749	0.3579983056848762	72.85282849431702	65.34281508420167	77.86121893941375	268.7427306245196	274.0691183776061	276.47380169248396	278.4610986590469	280.4483956256097	273.6973545909812	265.6979795561836	257.6986045213853	264.82484395510954	274.11188545576584
13	a	把	ba	0.040000000000000036	0.10000000000000009	249.68958218961743	243.28582604531786	258.72824931222533	0.5519520556033437	1	79.73815980661286	76.11484798453793	80.71545354148162	252.1144412419774	251.56952713054565	250.72163207362766	249.20717893664022	247.69272579965238	246.1782726626649	244.66381952567727	248.52494993463768	253.62659962343184	258.72824931222533
14	ow	柚	yow	0.10999999999999988	0.18000000000000016	297.11341325455436	221.76219073716754	333.1702351250533	0.9404142658321215	0.319874600064798	77.48262406203003	68.14472941416595	86.09838964745629	314.0660303284606	319.9247475522631	326.1116580211924	332.5479953564185	323.3784638202744	311.16908560870183	294.4338174920001	263.1724166407799	225.50281923636044	235.36199810508126
15	I	子	zI	0.03000000000000025	0.06000000000000005	242.78271725066926	241.29192091317273	244.09072647647133	0	0.5567275808674619	76.44799113550643	76.17655401084167	77.56010964331023	241.29192091317273	241.82397427217558	242.3560276311783	242.88808099018115	243.4201343491839	243.95218770818664	243.61693504029404	242.99258036343628	242.36822568657863	241.74387100972086
16	@y	卖	m@y	0.3099999999999996	0.34999999999999964	217.82293865129063	186.57475160015144	243.19478363214458	0.5920019471452778	0.08397389989013769	72.25020311775981	65.98589025855681	80.91962675389023	238.99048051779909	241.41640848108398	235.13201751454375	223.63534585069834	204.55056541713617	191.58525718612603	200.41048395796489	210.17438233825922	223.8480356620696	226.54697963876373
17	a	哒	da	0.07000000000000028	0.15000000000000036	286.72958855210834	282.2421549592368	289.5841718338114	1	0.3017771868219185	81.92113731958935	79.35069300472077	83.36936540216142	287.7964549783567	288.56969472308896	289.3429344678211	289.26486380247684	288.9030230004404	288.17021559646554	285.7309618235743	283.2917080506829	282.29894818276335	282.2421549592368
18	u	出	cu	0.02999999999999936	0.05999999999999961	299.0727402635078	285.57932931301	331.2774382842875	1	0	63.28656041243919	57.43012237119515	65.64193429531164	331.2774382842875	322.6358159407589	313.9941935972289	305.3525712537003	296.7109489101732	288.06932656664173	285.84300264721116	285.7551115358108	285.66722042441035	285.57932931301
19	U	去	qU	0.03000000000000025	0.0600000000000005	257.2108761425353	249.68850498418274	271.7370436839769	0.2724719824402751	1	60.05286818765697	58.35668467136578	65.86091664790567	253.96453403634376	253.79071915238242	253.61690426842102	253.4430893844597	253.2692745004983	253.09545961653697	256.7890134532334	261.77169019681423	266.754366940396	271.7370436839769
20	i	你	ni	0.0600000000000005	0.08999999999999986	261.235714428606	246.66858602976714	273.5842994335004	0	0.7601399459542313	78.71290696655379	76.92449286606583	80.57090843006395	246.66858602976714	248.46842397538865	250.26826192100987	253.93622554651122	260.71773197181375	267.4992383971139	271.4720313359844	270.7636351308009	270.0552389256172	267.42148052612026
21	o	哦	o	0.07000000000000028	0.07000000000000028	236.59543937932403	208.6406919726077	267.42148052612026	1	0	80.06030080378785	75.64030082236141	82.40371131435253	267.42148052612026	260.6050025710974	253.7885246160755	247.28980719176894	240.89700994436782	234.14576749832182	225.74567713850425	217.34558677868668	212.003715541769	208.6406919726077
22	@y	该	g@y	0.07000000000000028	0.10999999999999943	248.60420622435538	239.24915972743355	253.0164439963337	0	0.3718351362107631	78.42846837849292	69.94165333038234	81.79227200423342	239.24915972743355	248.1382026758975	250.0497116444418	251.96122061298638	251.7914948562967	249.22034441664448	246.6491939769926	247.1459382465274	248.01082988116468	248.19599464028985
23	I	什	sI	0.1299999999999999	0.17999999999999972	172.33514113999925	153.23176620941703	216.83528076526005	0.28459613669386435	0	75.36127989370124	72.59625602469431	76.45398265659695	216.83528076526005	185.5525618948277	158.17171499149677	158.9546105840382	161.81910394183143	165.5274882855371	169.23587262924312	172.944256972949	179.059201860166	189.3548470677333
24	&	么	m&	0.02999999999999936	0.08000000000000007	242.2477039998932	236.2973034793821	247.38021539707862	0	0.9237527262474781	75.71807399144693	75.5081843872363	76.42941155669492	236.2973034793821	237.62894343010151	238.96058338082094	240.30422180939294	241.65185973058306	242.99949765177317	244.34713557296283	245.69477349415249	247.04241141534305	246.41067044502253
25	y@	家	jy@	0.07000000000000028	0.10000000000000053	228.78134799961194	213.05918928165318	240.8263461537425	1	0	76.76980609165867	71.09037544864876	79.51915048962904	240.00524257664645	240.14195865214137	237.66790396207952	235.1938492720173	231.87263056843665	227.57391492618183	223.27519928392636	219.87812975467003	216.5892577589729	213.05918928165318
26	ow	都	dow	0.05999999999999961	0.10999999999999943	214.907516602194	212.0871608993009	216.60919993628036	0	0.6311329400659412	73.88885895684093	71.8856843409917	75.2117647744729	212.0871608993009	213.1354687337879	214.073291751858	214.99533122472576	215.9173706975935	216.05565245584114	216.08196882628584	216.10828519673055	214.883063485304	213.47905061932408
27	&	没	m&	0.040000000000000036	0.09000000000000075	195.84443909301362	194.27375675764085	198.60042409309136	0.2924138773864324	1	75.48381141142829	73.05396565380697	77.34923075536017	195.34237141826577	195.1216007209881	194.90083002371043	194.68005932643274	194.5250481307749	195.35642945941308	196.18781078805125	197.01919211668945	197.85057344532763	198.60042409309136
28	@y	卖	m@y	0.0600000000000005	0.1299999999999999	241.7257842012407	231.81238956632825	248.65279213152323	1	0	78.55063272069482	73.14143242912735	80.42922558940973	248.65279213152323	242.1933540610549	242.63680227642556	244.06637710405926	245.49595193169318	243.83506977032525	241.7326937533861	239.63031773644656	235.84179285592862	231.81238956632825
29	u	不	bu	0.03000000000000025	0.05999999999999961	212.49000346694223	203.91345139270405	220.6291579593707	1	0	69.17675906095138	68.75505922546388	69.34683521495324	220.6291579593707	218.85517105484809	217.08118415032487	215.30719724580166	213.53321034127845	211.75922343675583	209.8352716470407	207.8613315622616	205.88739147748248	203.91345139270405
30	u	出	cu	0.03000000000000025	0.0600000000000005	197.00708434219317	195.38537203136318	199.51738182654046	0.6595507171803962	0	64.75349552774323	63.77009735227076	64.76441052218686	199.51738182654046	198.73978616381618	197.9621905010919	197.1845948383679	196.40699917564362	195.62940351291934	195.80113552819057	196.28931010279305	196.77748467739568	197.26565925199833
31	U	去	qU	0.05000000000000071	0.08000000000000007	235.19419257560403	228.43909964780727	242.70786567681728	0	0.7465825398737529	73.83477501060018	71.49708554226277	75.58012010016205	228.43909964780727	229.4753524736775	230.51160529954774	231.54785812541797	234.30140426826554	237.35800217293345	240.41460007760074	241.9163305425501	238.7534586883463	235.59058683414318
32	o	咯	lo	0.1899999999999995	0.3199999999999994	250.55487793932784	242.45476974372428	276.82379166645194	0.7272986139695784	0	77.69644201119087	68.21275389989307	82.20941598141637	276.82379166645194	260.61913704565626	252.90512912101008	248.80065309423355	248.90270872232247	248.27154807717588	244.54450320465588	244.18327096065852	246.4789868102609	246.58385059578907
