interval	rhyme_lab	character_lab	syllable_lab	rhyme_dur	character_dur	f0mean	f0min	f0max	f0min_point	f0max_point	intmean	intmin	intmax	f0_1	f0_2	f0_3	f0_4	f0_5	f0_6	f0_7	f0_8	f0_9	f0_10
1	yaw	小	xyaw	0.10999999999999999	0.18999999999999997	233.5921538967645	222.53411138715174	245.1457613559856	0.3981530247889882	0	78.75948982509252	67.24178205375134	81.40510913383572	245.1457613559856	245.1457613559856	237.74466467116358	224.71873450587677	226.5887031530704	229.67799433963893	233.0758040214885	233.4985351634268	232.37109127772413	230.7559714876956
2	iN	莹	yiN	0.15999999999999998	0.2	184.8458163915412	168.88771136186293	211.87101178161433	0.3508912626686501	1	77.81901706091621	76.48239303232693	78.92921311320498	196.98257111820928	184.90589794726336	176.12386698109285	170.14739995326158	171.8567778613623	177.83622018311976	186.1591719031752	192.74923840223107	202.13177372684817	211.87101178161433
3	wey	对	dwey	0.12	0.1499999999999999	280.11913726990485	262.81657560704343	293.30293213517217	0	0.525812087494305	78.22630016358933	69.01334875145668	81.65020209146847	262.81657560704343	267.8393342855222	272.901238499247	278.96552231647246	289.2963462400491	290.51998761764486	287.66050392616603	285.0458681319947	279.4404005606679	275.6302205355105
4	i	集	ji	0.05999999999999994	0.12	177.67495171252293	101.87813303018733	216.71628108604534	0.9136956416609322	0	74.02967185981333	65.92628062864688	78.36151678112495	216.71628108604534	210.81631177660853	204.91634246717183	199.0234802176289	193.14246306790923	187.26144591818945	173.61652256347045	147.03175553375115	120.44698850403239	121.09424467921964
5	i	体	ti	0.07000000000000006	0.10000000000000009	219.55348661296276	211.01344443927118	224.0571019748557	0.21486360291597892	0	78.32261084379695	76.64908110254541	79.79994777679707	224.0571019748557	213.3870300678279	214.94671699097145	216.506403914115	218.46755958940074	220.8919484402352	223.31633729106971	223.04087429067167	222.44142906812576	223.17868428827498
6	w>	活	hw>	0.09000000000000008	0.16000000000000003	207.56175674472811	196.29717408547376	214.72325181478007	0.9365057883280302	0	76.21469817355998	73.39240742224437	78.47214053930539	214.72325181478007	211.06084453090904	208.91608954310055	207.35325780806164	207.5361958313314	207.9778092282471	209.19544874610048	208.44555475453677	201.79306023472188	200.0425434475694
7	oN	动	doN	0.26	0.32999999999999985	275.71207449690684	255.7042350869662	298.46996459616804	0	0.9409552669976766	78.04003576376773	63.72863784858302	81.53165858104605	255.7042350869662	270.14316895875817	273.9926485924191	273.43736464813344	273.8850878773221	273.75674551711955	271.7526974652005	278.5047788578755	290.58843953957165	287.76068418888093
8	oN	从	coN	0.10999999999999988	0.20000000000000018	140.69001484328726	121.81405744287522	174.44031928932986	0.647209566902995	0	76.65937205527437	73.58951310494632	80.98095699508984	174.44031928932986	166.78332210462366	152.87181911044883	134.20689170107673	129.52580144316627	126.21825419085498	123.74612214498123	130.09790917185776	140.9840257560794	150.5901822053553
9	@y	来	l@y	0.08000000000000007	0.18999999999999995	191.05039498668688	184.64534512447176	193.93124183118874	1	0	77.83115537473901	76.49172069225806	79.01650550594275	193.93124183118874	193.77200236263542	193.61440377864776	193.50767261619617	193.4009414537446	191.40926631668154	188.8898068667273	187.55227891571207	187.25763169905474	184.64534512447176
10	ow	都	dow	0.06999999999999984	0.1299999999999999	187.93064641810804	183.518961191667	195.00424631746063	0.5767322393613039	0	77.50700951612914	69.73643919760019	82.27939550554252	195.00424631746063	192.972577205521	190.94090809358133	188.4481809013893	185.80176768244664	183.88966316090867	185.3553786474316	186.8210941339547	186.74716066695882	185.67698375945102
11	u	不	bu	0.06000000000000005	0.10000000000000009	198.81779082508163	193.23625444614623	202.01291511990692	0	0.573417514967422	75.78007343990774	71.1249730067502	77.42419828016264	193.23625444614623	194.18922584190094	196.40749942892094	198.8065304718362	201.20556151475142	201.1211310464167	200.6819203621892	200.2427096779617	200.06514779507702	199.9249643123842
12	aN	上	saN	0.10999999999999988	0.16000000000000014	164.7621376552849	148.55644095339053	195.81242505543503	0.5197640762072273	0	79.74203820936857	78.45031453504131	80.78221026284913	195.81242505543503	178.58082926861994	165.4650273958187	155.47722889766652	151.24399753972511	149.76037451987173	153.82942964949206	163.33106513054105	175.663358796375	188.88587417795418
13	in	心	xin	0.3200000000000003	0.41000000000000014	173.35126623246163	156.24948558336357	181.867008721791	0.7537265044924323	0.32191748641353907	72.80881165933565	54.92495488770214	77.72491468140252	168.06344758888247	174.77595554363072	177.74902373975777	181.3137944494282	176.74506988765975	178.91208663780165	175.4340428276136	161.45598475451732	172.07071499409636	169.73641299608082
14	yEn	连	lyEn	0.10999999999999988	0.13999999999999968	192.03313048706886	176.09366885485866	199.40146273793542	0	1	80.26681127694427	78.67221669256088	82.07899141846548	176.09366885485866	184.20962500081453	188.9976214585174	191.25636855314897	193.47630505638537	195.4068102561095	196.65390494595692	195.686889249252	193.75106768454307	199.40146273793542
15	yaw	小	xyaw	0.1200000000000001	0.17000000000000037	225.78398095391194	206.9014131141647	287.40724327459105	1	0	82.63905443130885	77.5270232075739	85.16786654659761	287.40724327459105	247.8095777942658	227.62926081315592	218.5510511257809	219.3356805461339	220.88206288281486	221.81260113003108	218.57405924528638	213.46023018124183	206.9014131141647
16	iN	莹	yiN	0.16000000000000014	0.18999999999999995	163.84996958638075	144.87817457967782	187.30851435724892	0.41969218583528217	1	79.71241115475172	77.81732853526927	82.14814131048303	183.6044198577772	169.52116941558057	157.94782956963053	149.22610795462498	146.06809619197878	152.1599894536333	161.12355260372973	170.9982320306952	183.3340255497411	187.30851435724892
17	ow	都	dow	0.05999999999999961	0.09999999999999964	200.79385864697565	190.3343021818704	204.7534589770786	1	0.18135639255529235	80.51530615350678	79.02923023162332	81.59034603495762	202.6041856540017	204.41168912327157	203.85536297909448	202.96134689013954	202.06733080118465	201.3025924199289	200.5563222826302	199.8100521453316	195.33828415322992	190.3343021818704
18	ia	提	dia	0.11000000000000032	0.16000000000000014	202.6817721552341	193.66085944501796	213.9506337066161	1	0.1660971444195197	81.03445858713357	71.0056148487608	83.44274050259756	204.94266225346152	211.2240470119238	210.878242656361	205.49577457413932	202.946342279095	200.7664077606619	198.97326375979964	197.39372652359094	195.90701409782136	193.66085944501796
19	a	哒	da	0.03000000000000025	0.0600000000000005	207.50662574686345	187.6544126539756	227.35883883975072	0	1	69.34887108661057	68.6998299130305	72.05235078955597	187.6544126539756	192.06601556350586	196.47761847303684	200.88922138256632	205.30082429209807	209.71242720162755	214.12403011115944	218.53563302068912	222.94723593022104	227.35883883975072
20	a	杂	za	0.02999999999999936	0.07999999999999918	211.38189168926112	201.48198847694343	216.03208978683264	1	0	83.05302296745376	82.79888400904868	84.5765076061112	216.03208978683264	215.41535569489193	214.79862160295107	214.18188751101033	213.5651534190697	212.94841932712876	210.53178633870365	207.51518705145043	204.49858776419666	201.48198847694343
21	@n	篮	l@n	0.17999999999999972	0.23000000000000043	180.8733577373829	168.5300041447144	195.05757572041966	0.33121139398916566	0.8467315724183948	80.68896163618085	76.74782337191385	82.9363836368296	194.62464573277506	179.84655009381413	171.2833623513146	168.81198277725798	171.42815477227524	178.22143270316508	185.2415868789384	191.46644465122802	193.21784511970165	184.68791457069608
22	I	子	zI	0.15000000000000036	0.20000000000000018	193.97097995423812	186.98614793973132	205.1417392298179	0.2715298259217326	0.944540315361336	77.66833498098036	70.69448792105364	80.43057200072752	188.24076745985346	187.80039005765687	187.62638372129803	187.59072635373815	190.1966560230027	194.39326338241227	197.54566509570677	200.66253335441374	203.42068785964557	203.86549706545796
23	a	那	na	0.16999999999999993	0.22999999999999954	274.8331409479953	234.16146915227745	308.50511566141824	0.0702485124203456	0.9763655485341192	79.8710883779902	77.39082007256258	82.94181067099751	236.36678238986957	235.03836053504648	242.159876890683	260.45216022332545	272.57551742191816	284.7012667405878	294.43347257665147	303.44150329802113	307.5302029680972	308.1573920313143
24	w>	果	gw>	0.0699999999999994	0.16999999999999993	204.4026452580183	197.14937358995792	243.70565755224646	0.41241431115667126	0	76.95796938556046	74.48104416641605	78.8637156268777	243.70565755224646	204.9550617284844	201.88957366604146	198.82408560359806	198.26235704814803	200.58958176999732	202.91680649184627	203.64285794814288	204.176768612573	213.30140802558617
25	I	次	cI	0.040000000000000036	0.08000000000000007	262.48430423902465	256.8102310905791	268.40033073887565	0.4566618791585371	1	79.20731020250511	76.90158977520092	80.20076760681425	267.5380270070347	264.8177484062948	262.0974698055556	259.37719120481495	256.97274004048256	259.30570042225366	261.63866080402533	263.97162118579763	266.3045815675687	268.40033073887565
26	w>	活	hw>	0.08999999999999986	0.16999999999999993	192.12520307183982	179.08245002180328	236.06506882795685	0.4142556134662443	0	75.67988643185137	68.91886139812007	78.77330901326543	236.06506882795685	206.54436350422927	183.73874147947615	181.0783693516464	179.7776878660014	182.5560783069107	186.21013296078416	192.49118025355006	199.0139199789306	206.26173700215512
27	oN	动	doN	0.08999999999999986	0.14000000000000057	243.8007735446844	229.61928891136694	250.3924400509348	0	0.6548821639389572	79.89948801926535	78.26139470559056	81.35836573461766	229.61928891136694	236.0257716656913	241.31644853768668	243.25970776269313	245.42336550208782	248.2482187846473	249.83836807141796	247.72440537082093	245.41958101742193	242.5421717056169
28	&n	肯	k&n	0.05999999999999961	0.10999999999999943	226.08621778376087	215.20880951825623	250.49147300214193	0.4234039174978545	0	76.43236611812333	74.68433821045373	79.6430013528649	250.49147300214193	238.26903720921274	226.0466014162856	218.94408659130923	220.3747733795834	221.80546016785777	223.08656308953016	224.11835956686636	225.15015604420253	227.23496676862473
29	iN	定	diN	0.0600000000000005	0.09000000000000075	253.60806776103237	242.28400509708092	262.57419302619223	0	1	79.17944669565902	77.54811350823236	80.19417335838844	242.28400509708092	244.93439061486674	247.23745265708882	249.49089705994515	251.74434146280112	254.870603417411	258.12155359369984	261.3725037699893	262.1500221013031	262.57419302619223
30	@y	还	h@y	0.0600000000000005	0.08999999999999986	199.40220704984898	167.78400669461726	240.3298209900961	1	0	75.55957036895842	71.52622998437671	78.53877593731806	240.3298209900961	229.75372664181572	219.17763229353713	209.5978249269237	201.67849586308407	193.75916679924578	186.2048629610254	179.2589344988337	172.31300603664315	167.78400669461726
31	I	是	sI	0.04999999999999982	0.08999999999999986	166.8105490733592	162.9296588475379	171.3522211126268	0.21446791332254098	0.7910341605058796	73.13307707664744	65.41012520390986	75.55954747380079	164.77930184410602	164.3619817259795	163.94466160785296	163.52734148972644	165.31094323877974	167.48294296439377	169.6549426900078	170.92582544487553	169.49335728750512	168.0608891301347
32	@n	蛮	m@n	0.1200000000000001	0.16999999999999993	154.47908780540095	141.2926254870248	162.41065231837405	0	0.8243318955253387	78.243076078254	73.86245376087699	80.19652298860777	141.2926254870248	146.59931656441634	149.93208275291332	152.18661033318034	153.6568044831807	155.971382255336	158.69234413509244	161.51112395263215	160.9359626080475	158.81431508994572
33	E	热	WE	0.040000000000000036	0.08999999999999986	167.14893925488315	159.86370332989557	171.57549688793446	0	1	76.82128373877421	76.11906061614599	77.88053127285544	159.86370332989557	161.44099841307644	163.1166715335143	165.00877633591753	166.90088113832076	168.792985940724	170.68509074312675	171.19459982528065	171.38504835660754	171.57549688793446
34	aw	闹	naw	0.08000000000000007	0.11000000000000032	165.38645700061807	153.339555105127	179.9339690605557	1	0	77.44579428505361	73.89332626188995	79.21153549830348	179.9339690605557	176.4117102417016	172.8852125194848	169.2273087930261	165.56940506656647	162.77433276919965	160.2208532719781	158.10458536800266	156.37409239924435	153.339555105127
35	&	的	d&	0.03000000000000025	0.08999999999999986	161.72719773239288	156.84316947493159	172.32225132108175	0	1	75.32299819654595	73.06749052904792	77.24776551790767	156.84316947493159	157.47525310903174	158.10733674313235	158.73942037723248	159.37150401133286	160.00358764543302	162.593737107384	165.83657517861621	169.07941324984952	172.32225132108175
36	o	咯	lo	0.13999999999999968	0.1899999999999995	162.0372031050312	145.72440209730206	175.22287835327882	0.7245204340234251	0	74.46211354864518	65.3439834604802	79.14799533205921	175.22287835327882	173.81429740676367	171.82722861514307	169.46016009518533	166.23311863573966	161.37857341434344	149.36960580494232	149.98156365552254	152.87639325786552	152.87639325786552
