interval	rhyme_lab	character_lab	syllable_lab	rhyme_dur	character_dur	f0mean	f0min	f0max	f0min_point	f0max_point	intmean	intmin	intmax	f0_1	f0_2	f0_3	f0_4	f0_5	f0_6	f0_7	f0_8	f0_9	f0_10
1	yaw	小	xyaw	0.09000000000000002	0.19000000000000003	282.43198645763505	273.26366320227663	327.4518085908195	0.36365449052149124	0	78.96522226171875	73.07476011270896	82.04957715377222	327.4518085908195	298.3020255682571	276.0816518000817	274.6495057950674	274.5868111748657	278.63247070910194	281.13039230830736	278.98510010242035	278.16416682050476	281.3163103105035
2	&N	梦	m&N	0.12999999999999995	0.19999999999999996	319.4543027489841	262.793150812806	373.1884026503745	0.3268991626048495	0.08749490400733305	71.72365412089161	64.24659728332719	82.9029084475097	346.24693151817166	363.66453587823963	310.1894466834403	276.73827106167346	300.5284994638151	304.1820922835878	315.40594033522785	329.41230484111355	338.6903233092377	333.88872504805755
3	@n	烂	l@n	0.15000000000000002	0.18000000000000005	242.8905446090942	195.14925694797213	381.79544790219205	0.507831913557346	0	78.76525227542363	74.16805034956458	83.74609959945236	381.79544790219205	322.57635606078253	274.95953650944716	230.01824694194684	200.23829394951383	200.75689835632375	211.67494318319717	224.07126567753846	226.8167313633483	216.35239754827947
4	a	伽	ga	0.07000000000000006	0.09999999999999998	236.92371774947972	227.14377335056622	242.19810530357563	0	1	77.7490888543131	76.43680868493648	78.8548868222564	227.14377335056622	231.36990645562167	233.7027525358072	236.03559861599274	237.7324710700636	238.69552780169445	239.65858453332527	240.12197913185568	240.52541427441403	242.19810530357563
5	a	杂	za	0.06999999999999995	0.09999999999999998	251.85289511684667	246.7599151831898	257.03443916516807	1	0.102222342395245	80.42792841297243	79.62829141178398	80.90895247228343	255.14204104904093	256.9578625112062	254.85708358125822	252.75630465131033	251.39280528406204	250.88001310454416	250.36722092502626	249.5527543710036	248.7020868920404	246.7599151831898
6	wey	柜	gwey	0.15000000000000013	0.21000000000000008	190.65736588343287	177.86784350177217	208.43906362615644	0.5173768792777765	0	78.78925357584892	75.57517721127395	82.20978309238795	208.43906362615644	207.26144890112275	196.87964718421114	186.42448278179262	179.9876931007498	178.9852889639631	182.74468210500422	189.71710761388275	193.36237441325534	195.51050708299104
7	I	子	zI	0.029999999999999805	0.05999999999999983	199.0298236812011	196.4793247860607	199.96090295527108	1	0	74.60561280548981	74.26325789709429	75.03936503059292	199.96090295527108	199.8825218166738	199.80414067807652	199.72575953947927	199.647378400882	199.5689972622847	198.9353865393205	198.11669928823386	197.29801203714732	196.4793247860607
8	&	的	d&	0.08000000000000007	0.13000000000000012	191.9568919008347	184.79124985248345	199.40121695000573	0.8923604882379164	0	79.09851964342734	76.71307153984661	80.56275231758818	199.40121695000573	197.39676788447474	195.39318826461778	193.41656146065526	191.43993465669266	190.68258923869863	190.26664260877584	189.06628175026492	187.17379069005852	188.01868784573458
9	ey	嘞	ley	0.22999999999999998	0.29000000000000004	188.677954814328	121.8640491329891	240.60357534586566	0.9451769749623947	0.19420846206404024	78.12365265678916	63.90565911968157	83.56616511616171	224.47083049566038	236.56087265227617	239.47815768090908	229.53165521339008	208.9292564615167	179.4198510299022	146.3384933587498	140.75769493531442	138.1648213911451	137.816116013936
