interval	rhyme_lab	character_lab	syllable_lab	rhyme_dur	character_dur	f0mean	f0min	f0max	f0min_point	f0max_point	intmean	intmin	intmax	f0_1	f0_2	f0_3	f0_4	f0_5	f0_6	f0_7	f0_8	f0_9	f0_10
1	yaw	小	xyaw	0.10000000000000003	0.19	251.0439609927409	231.91544187869437	299.0973804098689	0.37267266951452427	0	81.52219931669626	70.95148880451431	84.23451508749126	299.0973804098689	288.27327329564264	254.96832832879215	239.35434301816449	239.74646406316694	241.4508706459534	243.65304070858895	242.27420594330007	240.73304218583604	240.0880376827786
2	o	岳	yo	0.11999999999999994	0.1499999999999999	240.26955986496975	234.5517513480887	248.9918600643742	0.5452458110665931	0.08979218124836093	84.02985434421281	79.88044596564035	85.9806823405383	247.2411323019091	248.1976409253416	245.13834936638457	240.40901910548496	236.35276391966227	235.407221085936	236.23051619536824	238.5916150316308	238.8990876973938	240.27504774191988
3	ey	胃	wey	0.14	0.17000000000000004	337.7465758553529	262.2151744368883	438.4647864152586	0	0.6721158082799621	79.45801585849767	64.88787206536378	86.00567126143234	262.2151744368883	273.1667956626885	286.0431268795228	305.0852087803407	322.8743539687135	381.73352463980336	425.57280798281465	404.81870354134304	339.69947142337884	341.1038823521688
4	ow	口	kow	0.08999999999999997	0.16999999999999993	236.33531050363618	202.24506709528768	294.0387605569559	1	0.040043223480994934	80.06081701422025	74.6951860848054	82.75732732338808	283.9497175958483	286.0365455818487	259.7669099913084	239.0696602732639	235.08956817270808	229.2089765151116	217.62688618639234	208.45684285342531	206.52294050771556	202.24506709528768
5	u	不	bu	0.1499999999999999	0.18999999999999995	202.2983760379584	184.35831513534825	214.2532873076365	0	0.7927761645567941	77.86330384441412	73.8091063317267	80.04555317255746	184.35831513534825	188.66143220936115	190.62846625485912	195.71957179369076	202.67500352603886	208.7592472281081	211.8826175278248	214.1291186250809	212.63683792058046	205.11619724815637
6	&	么	m&	0.030000000000000027	0.07000000000000006	198.4803726557275	192.401358632416	204.186772529038	0.8856661080574694	0	73.61671286536237	72.38558565250946	75.54091802414847	204.186772529038	203.34550556370988	202.50423859838182	201.06029248612998	199.41545332490352	197.7706141636772	196.12577500245075	194.48093584122427	192.83609667999795	193.9115037155776
7	I	子	zI	0.040000000000000036	0.08000000000000007	210.3798362999028	207.66708820062868	212.4218726186711	1	0.4011568408861518	78.46010353754147	77.63144556548997	79.47326673394775	209.51677769655083	210.24940348109737	210.98202926564392	211.71465505019043	212.3401250999984	211.35825912872775	210.37639315745702	209.39452718618637	208.41266121491563	207.66708820062868
8	aw	好	haw	0.2300000000000002	0.33000000000000007	271.3554471403496	173.96186556098473	406.6757400250721	0.46948991233740545	0.6385989143558541	75.50527928349925	60.843805115939425	83.20806110039487	212.2427149763682	204.51993989131233	201.75247999606748	201.9578755797354	199.4984886581746	293.19056945164255	380.3889379804047	349.7607888677092	339.852494999187	329.9442011306649
9	yEn	连	lyEn	0.08999999999999986	0.14000000000000012	198.9598149280128	190.79879178982728	207.93487942773865	0	0.8060790352322175	80.79625712993688	80.19868608374455	82.00136301072838	190.79879178982728	192.3381385213016	193.83820156294823	195.22041353511182	197.13116774169458	200.6275486515347	203.77201459128122	205.86073562074705	205.88023315676196	199.69206021242593
10	yaw	小	xyaw	0.10999999999999988	0.16999999999999993	229.1254373689828	204.14455367931635	271.3539877710555	1	0	81.73562969905777	76.32073119329286	83.945916425445	266.4372697180956	257.91457177150187	234.0780956310403	225.8338392801599	223.33221524918142	225.08335186052688	224.52693603234607	221.4432008656364	213.03797330948262	204.14455367931635
11	o	岳	yo	0.17000000000000037	0.2100000000000004	193.78418740140566	155.43045751222868	224.94936624520332	0.08483432127349746	0.9052440353025848	79.12347827277897	76.12680429120137	83.05491696573405	172.34505402908238	158.50802609719875	191.21783634735382	191.3115769050218	197.081291677368	185.09045732610844	195.57885055047058	210.69785998795595	221.4125831249239	211.75570192607884
12	ow	都	dow	0.06000000000000005	0.09999999999999964	197.39851942178782	189.35047657500266	216.19028369545458	0.804454989554666	0.21955999965947973	82.56559847702161	79.35209426853373	84.3354036212643	189.89161598066653	210.45300552288904	208.0570452885474	202.38146365755512	196.70588202656228	194.06067612690194	191.848381046003	189.6360859651041	191.01941524399638	192.91640514571603
13	y@	喫	qy@	0.06000000000000005	0.14000000000000012	218.86368155234968	197.182102770307	235.78738289576899	1	0.15415371496672775	74.41533351689588	67.18585923594358	76.85358833215629	229.95667131699943	235.05107895360072	232.55756912413113	228.9800710852235	225.40257304631555	218.52533206830256	211.17669924184617	203.8280664153904	200.23670785925447	197.182102770307
14	a	哒	da	0.040000000000000036	0.06999999999999984	189.35597214585272	177.861740019552	193.92624445438364	1	0.1934708295003416	79.73072900771315	78.7764856066968	80.89697363328314	192.59383970726668	192.62113280545645	192.64842590364626	192.67571900183603	192.56016606525216	190.301922607068	188.04367914888357	185.78543569069913	183.5271922325147	177.861740019552
15	a	杂	za	0.040000000000000036	0.1200000000000001	201.562599135712	194.92458643491133	208.10136104710915	1	0	82.12379140699215	81.59848324840507	82.91754874574838	208.10136104710915	206.50763586238511	204.9139106776611	203.32018549293727	201.7559190943014	200.6335344869906	199.51114987967972	198.3887652723688	197.26638066505788	194.92458643491133
16	@	鸭	@	0.03000000000000025	0.03000000000000025	186.4673375606747	181.43972727265887	194.92458643491133	0.7355001867274571	0	78.30938588300293	77.08760322063287	80.22309419547116	194.92458643491133	192.4569184823135	189.98925052971612	187.52158257711832	185.05391462452093	182.58624667192353	182.65994535528043	183.58076625062202	184.50158714596347	185.42240804130506
17	wo	脖	bwo	0.26000000000000023	0.29000000000000004	171.41282902087744	160.91405747713895	182.5774556866674	0.6646731513287287	0.8700388185184414	76.11638710747177	69.31059501507268	79.63048915867873	177.12951479680083	167.80734179675576	165.03950678180445	169.12596936351912	175.65555606935922	172.3447692119691	162.6404681420382	178.03485172947651	181.7989406400137	161.23687344590934
18	I	子	zI	0.1200000000000001	0.18999999999999995	170.28329848928686	153.4044371105261	186.7888521756077	0.7330266300869223	0.05569789624611331	72.34926816289573	62.78734526602071	77.26202197377066	182.2251751732191	182.60651664279797	173.0971012945516	173.53409652073134	172.66250113867832	169.25588263966202	159.2738944894884	157.56771485675728	167.06546357369254	172.14803684509212
19	i	你	ni	0.040000000000000036	0.13000000000000034	210.8260958578559	202.31581904278568	217.57678981139944	0	0.8272844077680023	81.40167268892779	80.18974052370277	81.83215883314418	202.31581904278568	203.41628838956524	205.05925500390967	207.8957156068963	210.7321762098829	213.56863681286953	216.40509741585615	216.285277323671	215.48323860952385	214.6811998953767
20	o	哦	o	0.08999999999999986	0.08999999999999986	191.25316568508381	148.239054383021	214.6811998953767	1	0	79.9748880622304	73.53671506171071	83.24384576469562	214.6811998953767	211.90412316143184	206.20957754614503	201.14202168375692	197.9554350800635	194.00169033282293	187.74647115494193	178.77730586336912	161.66630223072576	151.1340051298622
21	@y	该	g@y	0.07000000000000028	0.11000000000000032	194.36773469121687	189.61234590217802	196.59738831318438	0	0.328627401300909	79.56940600940636	77.37034601375605	81.11407302560438	189.61234590217802	192.5526638013537	195.49298170052919	195.58854976107833	194.7358678754185	194.09080510183304	194.4007902437886	194.71077538574417	195.00879609402534	195.29907510992905
22	I	什	sI	0.1200000000000001	0.17999999999999972	151.02419209754405	136.94550812092046	167.16621237958697	0.43679485813358565	0	73.97867513427788	68.71954469274357	75.09322225230738	167.16621237958697	158.82542862349385	150.4846448674009	142.14386111130793	138.69613695570283	141.53948942929503	147.9836496125501	154.6678636431158	161.35207767368166	162.51527447330488
23	&	么	m&	0.02999999999999936	0.09999999999999964	190.08838746791272	178.02238837699207	194.51629423906175	1	0	78.13507375872621	77.48020357989196	79.18471045685183	194.51629423906175	194.13851275974073	193.76073128041966	193.38294980109865	193.0051683217777	192.62738684245653	189.6308308534995	185.76135002799725	181.89186920249432	178.02238837699207
24	I	子	zI	0.0600000000000005	0.10000000000000053	169.27225717467041	146.59053967204858	184.78397976581263	1	0	75.79401803437378	73.13605804936434	78.11431607662945	184.78397976581263	183.87186194673453	182.01246130905892	180.01773455444084	178.02300779982275	170.16769682482263	161.47515953262428	152.78262224042592	149.31348122237003	146.59053967204858
25	ow	都	dow	0.0600000000000005	0.08999999999999986	169.40764240764005	161.23945728433173	172.40204205625122	0	0.42178931913945783	76.15595974961012	72.69716767607065	77.13346016730594	161.23945728433173	165.11303315433852	168.9866090243453	171.22873472911405	170.75177682515357	170.27481892119317	170.13651025383692	170.562616980821	170.98872370780506	170.8538380208948
26	wo	冇	mwo	0.05999999999999961	0.08999999999999986	160.7873604985309	149.89198420173844	168.76069934705882	1	0	77.68851173134455	75.70104717013821	79.21791373797365	168.18536185183308	168.25999682242738	166.93909622337273	165.41883340008297	163.89857057679296	160.68568454019632	157.23099518741307	153.77630583463014	151.73330978242842	149.89198420173844
27	y@	喫	qy@	0.10999999999999943	0.17999999999999972	176.82762973537072	147.261053488041	185.1031798898709	0	0.5079463990869222	72.5822125564772	63.58592320502389	77.2122818116829	147.261053488041	160.98148535305438	172.36997396677853	181.98618570952283	184.0324600186844	184.47175804693055	182.39986907382533	181.16991180683738	180.34291193368844	178.11735756646183
28	a	啦	la	0.1299999999999999	0.16999999999999993	178.1171077535375	170.53066694722173	181.50024115909753	0.9559435670148146	0.2790229952152162	74.75032326497247	67.4628913635255	78.05603043273227	180.36543247092362	180.80896446673572	181.4022766493175	181.35907165628555	180.65982626432557	179.26786254403112	176.99728352046768	174.5960015628379	172.36688110181782	171.346931532024
