interval	rhyme_lab	character_lab	syllable_lab	rhyme_dur	character_dur	f0mean	f0min	f0max	f0min_point	f0max_point	intmean	intmin	intmax	f0_1	f0_2	f0_3	f0_4	f0_5	f0_6	f0_7	f0_8	f0_9	f0_10
1	yaw	小	xyaw	0.16999999999999993	0.29999999999999993	224.1894633586021	218.44343328156728	244.42628018256462	0.34584486442099216	0	80.01445221290417	74.13618456272692	81.95663514588149	244.42628018256462	223.16123818480966	220.59389632714505	218.889541888983	220.06401161144427	223.07317164316885	225.66339407271792	227.12577481245847	228.0460454842337	230.46077217476582
2	iN	影	yiN	0.25	0.28	232.13955953527832	220.07665578768857	238.60000641882857	1	0.5580982121074678	77.02015163411994	73.33892312656427	80.5816251195214	230.5295983327631	227.6281263086388	228.27079921901964	229.10398217471808	234.07751647303962	238.3425873382682	236.63249566678388	235.22944612528985	231.86868064522588	220.07665578768857
3	yow	就	jyow	0.08999999999999997	0.12	167.63288758975443	152.84661588166978	187.12066846119447	0.7457064223520169	0	75.86527465841925	71.05034477878202	77.34735750799892	187.12066846119447	185.19192135939704	180.360599800887	174.72884162952997	166.69577361963195	159.69330765800498	155.78264784119096	153.90591327679704	158.13095446966366	161.987265995949
4	ow	有	yow	0.10000000000000009	0.15000000000000002	195.12038268979563	188.971921775777	198.09759357910488	0	0.6630635837987969	76.35945135142836	74.27185336591769	78.85530269948964	188.971921775777	192.39297721743077	193.7835958974529	195.1232531454742	196.41680243120905	197.30408524529082	198.037266983918	197.23021363563427	195.68043400868015	189.8057579127935
5	@n	蛮	m@n	0.11999999999999988	0.1499999999999999	161.1015136206787	157.1112947357109	164.59172763643434	0.9963217358962505	0	76.38494342311361	73.25108723639842	78.6297358879926	164.59172763643434	160.9317066084124	160.51600594836862	161.27323805461333	160.72285081724243	160.62711212914476	161.11363731697716	163.22778609739282	160.8093112703706	157.72336243243257
6	ow	抠	kow	0.1499999999999999	0.26	157.70688272567526	135.3350332459598	188.7309036505821	0.07712139336583328	1	73.91642180853215	71.36840523839265	76.80735328208327	144.9258128390443	140.615627113298	146.69627650842708	148.59414932277275	150.4920221371184	152.38989495146404	161.82388820210502	172.92728433296605	182.0812148270314	187.81397847546444
7	a	啦	la	0.08000000000000007	0.13000000000000012	153.9343806736604	128.86257289797473	179.36494341115073	1	0	73.93089485126228	68.40694153180897	80.03806820234192	179.36494341115073	173.8385904923264	168.84570274516935	163.8528149980123	157.86104438669273	151.76594106528714	145.04848796547947	138.00504212460416	132.38998499298586	128.86257289797473
8	yEn	连	lyEn	0.0900000000000003	0.14000000000000012	220.83924060896624	200.85861564236316	230.3966360775063	0	0.9315434959253879	79.26559901517678	77.53282334834518	80.67435255993918	200.85861564236316	205.3900616114769	212.05511042758087	218.25952396654	223.08203167406478	226.91147163963092	227.7617083793214	228.6365074490949	229.58499350911725	229.785334094012
9	yaw	小	xyaw	0.1499999999999999	0.25	282.74732538031344	255.12127548147853	342.24302201084936	0.4241681799254803	0	81.70680731419081	72.4403849036599	84.91090260701874	342.24302201084936	308.84150371022224	281.3548844041688	263.0790693072679	258.21317032356336	265.44684844304277	277.9846686918346	283.16754916475696	291.89406087132977	294.1978369840376
10	iN	影	yiN	0.4500000000000002	0.5	297.02151190760696	251.42162368019808	314.7858938127374	1	0.7984138224920978	80.6523695026486	73.46106470767309	83.60750716930944	271.04904839857335	274.62362705187394	293.1671402585676	299.9688684228144	293.81406129820243	303.2972947252518	313.9953950022207	314.04991166540066	309.10914197575727	251.42162368019808
11	ow	都	dow	0.06000000000000005	0.10000000000000009	209.3999542686886	183.26570732459834	238.9511086221916	0.7901136533386451	0	79.80494471071385	73.44311289704315	83.06453749735049	238.9511086221916	229.2998107001087	224.0538698639227	219.43726575429224	214.8206616446618	205.20856944373037	194.88283608689855	184.55710273006676	192.47136448072092	202.99133981815703
12	@y	买	m@y	0.06999999999999984	0.1599999999999997	238.1443442872179	219.54944474450096	248.33472584897305	1	0	81.69250775155156	78.52536351158777	83.85130915207556	248.33472584897305	248.02329157430424	247.71185729963543	245.0466673904598	241.59689226978213	238.0225057403944	233.8749067309405	229.72730772148628	224.86847972786956	219.54944474450096
13	a	哒	da	0.029999999999999805	0.06000000000000005	183.7357415995079	176.9978514002202	193.78388144332177	0.6401134657579822	0	68.42307465252438	67.09918775983041	72.37698426259887	193.78388144332177	190.60903180633443	187.43418216934654	184.25933253235974	181.08448289537182	177.90963325838447	178.80391980312191	181.05458507510014	183.30525034707833	185.55591561905692
14	a	杂	za	0.040000000000000036	0.10000000000000009	224.71856636158907	221.2520690078524	228.8115964225703	0	1	79.4339681304021	77.7901670969318	79.97700946927328	221.2520690078524	222.54066394584498	223.5384436027731	223.89642964135916	224.25441567994523	224.61240171853123	224.97038775711732	226.12780173228188	227.46969907742607	228.8115964225703
15	i	李	li	0.16000000000000014	0.25	232.0050438587991	181.74799925755948	261.3254365764512	0.9710750094558259	0	75.22968085759172	67.20078751068851	79.70700722967612	261.3254365764512	259.4864109504816	256.06487612028013	253.38861092266893	251.0121469896159	240.7641740330747	216.76455879211468	196.3249363228527	192.22366378772418	184.53375412226885
16	I	子	zI	0.16999999999999993	0.19999999999999973	182.0623131674398	159.10171016395304	222.0867513950649	0.7679652843734727	0.026059931474283184	69.72958756190899	55.53286345157819	76.33695289738274	214.4100506018037	201.29138931962706	186.6573390547177	187.7138215334171	187.8561947053793	182.0666347953012	168.57143416845423	160.97290356409567	167.52592093003202	174.07893829596816
17	a	那	na	0.13999999999999968	0.16999999999999993	321.4716745110557	264.377633504377	468.67121204047703	0.19415635350523752	0.9922125471910839	77.04739071962588	72.34831926192638	80.78639267461924	271.54175242900675	265.9364065668585	265.31501067728686	277.2845343480124	296.55180124310516	313.6084604129758	332.92500121335786	363.41747813826015	412.33052114742014	460.2290683175472
18	a	她	ta	0.04999999999999982	0.08999999999999986	249.54803091102107	225.60420400675292	286.84945592539106	0.7241545820877552	0	77.77989201983193	74.09971686966442	81.30265947686249	286.84945592539106	276.1908330108362	265.5322100962801	254.87358718172518	246.77263457979052	239.1230355624358	231.47343654508109	228.216256564683	238.13633369515438	248.05641082562573
19	&n	肯	k&n	0.05999999999999961	0.1200000000000001	239.72535571057725	216.71363565924918	260.55897048961384	0.4324379970835559	1	74.49259812673544	65.86667227607785	78.68396128745	247.34776223789476	244.55320172243566	236.24277767680522	227.14437312686698	218.04596857692718	227.79871304438396	240.24447880003942	252.69024455569277	257.1920343752332	260.55897048961384
20	iN	定	diN	0.07000000000000028	0.10000000000000053	304.83034457844917	275.51128557356554	351.6852065544067	0	0.8285249810815685	80.75054815398732	78.48109970774162	83.07248984912329	275.51128557356554	278.7282180533289	281.945150533092	286.4962915187013	291.4921686729259	299.48872609523767	321.28841275075257	343.0880994062659	339.669455224773	319.9330675605135
21	I	是	sI	0.02999999999999936	0.0699999999999994	191.7744708124388	163.32412057519645	237.76326726097327	1	0	68.40487478623079	67.7647746022534	68.89669958097771	237.76326726097327	223.00532653606427	208.24738581115278	199.4858918041201	192.72321336971171	185.96053493529988	179.1978565008915	172.43517806648197	165.6724996320713	163.32412057519645
22	@y	在	z@y	0.05999999999999961	0.08999999999999986	172.4408417256663	148.97714861360953	182.72269271082004	1	0.30990804274573436	73.2482708201481	66.4615314988679	77.98697989515307	172.05140907927336	179.1614115549995	180.3274072074053	180.6442590279084	180.96111084841155	176.21172677131455	170.73859470884628	165.26546264637898	157.29937396025545	148.97714861360953
23	&	个	g&	0.03000000000000025	0.0600000000000005	189.50557934677065	186.42729482709268	191.09583310428235	1	0.2623648077313982	80.42500702354364	80.18614838319846	82.04326688672612	190.25004192488876	190.26982976003393	190.2896175951791	190.3094054303243	190.32919326546946	190.34898110061462	189.56860141293913	188.52149921765704	187.47439702237477	186.42729482709268
24	y@	家	jy@	0.05999999999999961	0.08999999999999986	201.8860193385309	187.09664625814173	208.61298132040304	0	0.6117542894130582	75.33857417639558	68.22938888819282	79.429567864658	187.09664625814173	192.8338950841875	198.5711439102333	202.96254959527025	205.11088337862827	207.2592171619863	207.65719213008413	205.1379024060827	202.6186126820813	201.4712161782379
25	u	铺	pu	0.08000000000000007	0.17999999999999972	273.5266218983849	253.6846849683988	292.2855911471635	1	0.31859035657252316	73.58039366072269	69.00758703946894	77.04963835783035	259.4814091086305	274.61072042074335	289.2143354280316	287.52136498571997	285.8283945434083	278.4685009009944	269.52186876255047	262.6025824437196	257.47213067160453	253.6846849683988
26	I	子	zI	0.1200000000000001	0.15000000000000036	211.3349891750309	188.5643941727411	244.51215745802202	0.6361874810168435	0	76.38593092113203	73.69283668075404	79.98841140097132	244.51215745802202	235.7768424519866	227.43051292923934	220.15553081894376	208.82623663043094	192.1924257060017	192.1107704158299	197.64623725394202	208.98496205976642	193.05624545005324
27	yEn	捡	jyEn	0.08999999999999986	0.16000000000000014	207.9203372352662	204.16796326075354	216.55829063486766	1	0.2131624615183215	75.54847449687384	67.90080986934547	79.59015997141847	204.83916920260776	211.48965959940364	215.29431952752043	210.56148804959935	206.7132520619556	205.51880254514057	204.83576869007956	205.68698182028103	205.8939059864961	204.16796326075354
28	a	哒	da	0.02999999999999936	0.05999999999999961	193.94561352959636	191.77820473841763	194.80981240257123	1	0	75.52521357130405	75.44993290399951	75.7666759345739	194.80981240257123	194.72119756716444	194.63258273175762	194.54396789635084	194.45535306094402	194.3667382255372	193.83130856103196	193.14694062016042	192.4625726792889	191.77820473841763
29	i	一	i	0.04999999999999982	0.04999999999999982	193.71396497506137	183.72302755391092	214.12533204572017	0.4128094032454058	1	67.21220868517341	59.00704166219022	75.12144276327093	191.77820473841763	190.63759150363194	189.3825588744587	188.06591580215374	186.7492727298488	185.8518799622021	192.92024298308274	199.98860600396193	207.05696902484112	214.12533204572017
30	a	杂	za	0.03000000000000025	0.07000000000000028	210.30432910306806	203.012972951861	222.66097971871466	0.39124289416057473	1	78.6633140733819	78.52341417776253	79.85795655134697	211.3597572192317	210.06076694486146	208.76177667049075	207.46278639612007	206.16379612174939	204.86480584737913	208.164242566772	212.99648828408678	217.82873400140153	222.66097971871466
31	aw	好	haw	0.1200000000000001	0.2400000000000002	203.60301212035242	197.31025191141293	209.73428309151126	0.7516915845447404	0.5217320116073301	77.37056434036707	67.66201370487533	81.40882122706837	208.0602585347611	202.57778361178197	200.92444271945158	203.57047341800256	206.39867271754946	209.0925712248724	201.8976354620639	199.45352263721583	203.96522509861333	205.1347362048753
32	a	大	da	0.040000000000000036	0.08999999999999986	332.8688898004464	326.40095560904655	345.1624235375348	0.5811190220607937	0	75.71759129980147	73.44624621169883	78.94318875091636	345.1624235375348	340.6668379113571	336.17125228517943	331.6756666590018	327.53699226664304	328.7519863815575	329.96698049647165	331.1819746113864	332.39696872630054	327.39492397045177
33	&	的	d&	0.03000000000000025	0.1200000000000001	180.1570157046639	176.25801182171895	185.9116188143896	0.08885134429388986	1	74.10318127196932	71.76209972817918	75.0268526368342	177.64319056827551	177.17022183683937	176.6972531054029	177.59771881062503	178.95599599473329	180.3142731788411	181.67255036294935	183.0308275470576	184.38910473116587	185.9116188143896
34	ow	篓	low	0.09999999999999964	0.13999999999999968	194.2067088157923	172.46110557980663	199.5946069195161	1	0.4009537300271685	77.13751842722405	71.33391469859274	79.94551497986195	197.34338741590287	197.84688427203884	198.47615248127445	199.27558193293888	199.28163526595645	198.81166292778596	195.62484393719834	191.7044234808088	181.6492772554434	174.2088123924462
35	I	子	zI	0.03000000000000025	0.10000000000000053	178.93932290940594	169.88582641852722	186.52284710005821	0.9669063599800014	0.030323986557008676	74.3183343260294	72.27931459426216	75.58084761668859	184.30765738193406	184.84007214761047	185.37248691328688	183.56270864559735	180.97219936678576	178.38169008797416	175.79118080916257	173.20067153035185	170.61016225154026	171.39646664163942
36	o	咯	lo	0.16999999999999993	0.20999999999999996	169.47667609402203	136.40411191257238	191.168879873881	0.9260517906909056	0.05365403723028264	75.5550575737104	67.51651654813176	79.38728107059639	190.51467646060993	190.54399548604172	186.9284397402741	180.80061996952068	175.99186009479635	170.97204951500345	163.8392702233426	151.23970094928615	139.8908097362801	143.32360778401198
